0	3521.27	3176.42	3680.71	4879.38	2999.82	1812.02	3326.56	2290.04	4246.01	3586.95	3141.8	4150.88	3367.91	3896.41	2818.25	3662.84	3249.35	3427.67	4141.52	4157.77	3895.43	3126.83	2831.97	3508.09	3237.29	3502.65	5086.1	5070.33	5101.37	4924.99	4745.48	4996.82	4967.65	2110.77	4899.88	4922.85	5110.83	5097.53	4989.38	5046.78	5119.51	5194.13	5030.63	5050.92	5152.25	5073.07	5051.22	5037.17	5042.26	5065.65	5035.84	5029.82	5023.4	5058.44	5182.46	5144.58	4550.75	4156.49	4223.54	4458.63	3722.63	2875.2	4362.05	5004.52	5018.72	4877.71	4949.24	4579.22	4876.73	4904.38	5065.27	5061.32
3521.27	0	1899.04	3421.36	4631.81	3114.67	3160.29	4064.64	3555.66	4142.28	4301.37	3952.9	4182.75	4391.78	4426.39	3736.11	4066.92	3663.15	4046.07	4147.64	4088.39	4300.88	3768.03	4099.27	3942.89	3566.88	4088.1	4752.33	4700.97	4455.43	4636.4	4559.66	4623.1	4567.41	3824.13	4528.74	4533.01	4575.14	4716.72	4669.61	4596.4	4658.97	4813.2	4655.34	4579	4753.32	4686.04	4722.05	4650.08	4714.61	4727.49	4667.13	4682.34	4558.95	4684.7	4753.63	4688.53	4468.84	3914.5	3871.65	4478.96	4122.4	3554.39	4075.04	4579.86	4719.84	4500.7	4676.21	4144.15	4492.55	4551.97	4758.56	4622.2
3176.42	1899.04	0	3470.24	4753.82	3766.2	4141.48	3624.34	3750.72	4478.56	3908.04	3609.03	3921.45	3542.19	3864.9	3258.66	3543.37	3137.58	3594.34	4291.66	3769.15	3483.22	3235.77	3163.68	3587.25	3997.42	3434.67	4882.46	4858.63	4579.02	4818.4	4623.73	4857.95	4676.95	3191.46	4637.49	4628.28	4818.37	4851.43	4807.28	4792.61	4845.18	4973.01	4875.37	4795.12	4901.22	4859.16	4863.77	4817.76	4855.42	4851.57	4800.5	4812.26	4690.8	4806.43	4857.3	4831.25	4412.65	3949.48	3908.39	4369.18	3747.25	3821.71	4344.49	4808.8	4945.94	4632.84	4864.73	4290.84	4323.56	4632.52	4934.08	4844.74
3680.71	3421.36	3470.24	0	4774.44	1967.94	3345.22	4339.48	3721.16	4387.66	4014.26	3969.52	3260.01	3191.07	4030.44	4042.09	3546.68	3493.57	3385.6	3329.64	4395.32	3311.28	3151.24	2924	3004.2	3644.34	3687.75	4929.34	4901.34	4826.07	4907.56	4831.32	4795.62	4837.69	3501.93	4688.37	4721.03	4875.41	4994.29	4892.25	4841.83	4892.14	5076.81	4868.79	4814.3	4997.98	4931.49	4876.23	4887.02	5019.31	5070.87	4875	4852.31	4828.94	4771.65	5037.46	4972.28	4402.35	4395.85	4330.02	4105.5	3756.68	3158.27	3292.99	4821.77	5027.88	4762.48	4946.02	4774.42	4376.11	4845.93	5030.25	4890.75
4879.38	4631.81	4753.82	4774.44	0	4728.28	4752.96	4779.91	4792.37	4677.99	4922.54	4855.07	4895.31	5006.6	4698.26	4580.28	4992.84	4792.62	4651.99	4814.34	4761.83	5048.93	4829.41	4720.01	4746.49	4489.94	4724.39	4413.32	4516.23	4483.79	3677.7	4349.6	4520.32	4090.75	4648.56	4458.19	4429.33	4429.69	4659.65	4658.24	4481.87	4578.62	4670.76	4623.93	4538.02	4701.51	4516.02	4569.98	4616.59	4681.14	4691.89	4582.88	4627.65	4635.86	4650.69	4750.42	4631.47	4752.12	4752.83	4769.99	4998.11	4700.32	4914.79	4653.3	4678.28	4612.24	4281.79	4487.53	4499.52	4778.76	4537.79	4516.3	4604.21
2999.82	3114.67	3766.2	1967.94	4728.28	0	2691.72	4285.93	2648.15	4109.54	3874.29	4449.11	4092.24	3921.26	4451.84	4257.44	3768.25	3751.01	3544.56	3979.98	4226.83	3576.72	3586.4	3449.87	3081.51	3964.88	4217.77	4924.92	4919.8	4820.85	4823.9	4728.63	4732.73	4821.97	4322.26	4696.16	4739.73	4803.02	4887.99	4841.42	4775.83	4862.03	4997.23	4817.4	4807.68	4975.07	4895.29	4852.56	4889.76	4914.08	4951.61	4901.17	4859	4828.92	4842.43	5014.34	4872.04	4346.88	4319.52	4338.78	4276.57	4316.11	2335.05	3748.06	4721.58	4892.71	4797.52	4827.48	4607.83	4444.11	4839.16	4956.89	4756.49
1812.02	3160.29	4141.48	3345.22	4752.96	2691.72	0	4106.6	2082.37	3946.54	3725.08	4236.18	4592.31	3783.15	4375.7	3950.4	3913.04	3465.38	3575.95	4317.61	4690.4	4279.1	3223.93	3429.63	3619.48	3126.64	4400.29	4944.55	4960.31	5035.2	4773.97	4819.14	4903.72	4871.3	2852.7	4811.01	4853.65	4959.51	5008.13	4939.11	4899.26	4985.45	5137.35	4862.75	4899.28	5037.87	4943.7	4975.43	4907.93	4982.15	5018.25	4955.86	4901.75	4954.57	4949.43	5065.82	5019.64	4453	4281.81	4339.93	4315.52	3943.12	2899.99	3847.02	4785.15	4924.8	4852.89	4853.08	4400.7	4519.61	4869.14	4963.87	4922.44
3326.56	4064.64	3624.34	4339.48	4779.91	4285.93	4106.6	0	3605.77	4419.79	4277.71	3127.53	4115.94	3985.31	3392.18	1951.97	4097.23	3588.35	4558.98	4320.52	4206.75	4071.9	3525.23	3232.11	4652.65	3553.25	2921.96	5074.49	5014.38	3872.28	4814.66	4737.83	4886.51	4520.01	2371.84	4640.33	4873.36	4994.2	5057.36	4962.13	4960.55	4998.71	5124.14	5028.2	4941.29	5068.49	4990.79	4978.8	4947.73	5037.86	4988.63	4970.94	4904.21	4820.23	4898.1	4989.23	4982.96	4855.15	4444.56	4488.31	4988.09	3243.13	4559.69	3996.52	5034.64	5109.54	4829.85	4953.12	4619.31	5027.4	4919.18	4988.72	4952.28
2290.04	3555.66	3750.72	3721.16	4792.37	2648.15	2082.37	3605.77	0	3548.47	3453.98	4012.39	4541.64	3427.07	3443.8	3192.24	3818.05	4003.08	3964.85	4441.51	4369.13	4081.94	3762.64	2867.29	3696.51	4099.06	3550.07	4989.18	4964.72	5056.64	4784.75	4832.34	4945.48	5006.13	3514.78	4823.41	4833.8	5033.09	5031.66	4952.37	4970.64	5035.48	5133.44	4963.43	4982.13	5083.32	5081.43	5064.58	4986.78	5046.25	5043.08	5033.05	4963.27	4926	5040.5	5122.06	5060.28	4531.97	4267.96	4260.41	4633.96	3687.73	2775.95	3803.37	4934.88	4999.92	4843.8	4929.9	4639.96	4627.94	4950.51	5035.65	4947.83
4246.01	4142.28	4478.56	4387.66	4677.99	4109.54	3946.54	4419.79	3548.47	0	2767.58	4139.96	4298.45	3713.38	3425.96	3553.82	3931.69	4606.73	4231.77	4505.18	4311.36	3978.56	4400.33	3833.57	3857.34	4138.66	4162.96	4831.9	4838.86	4909.8	4795.01	4727.98	4868.75	4772.79	4181.48	4770.13	4841.71	4852.07	4980.99	4983.87	4795.26	4851.67	5083.99	4908.46	4877.77	5020.61	4854.36	4806.82	4915.22	4998	5002.18	4814.79	4835.49	4792.56	4840.47	4933.71	4951.11	4802.6	4612.93	4531.84	4965.58	3975.19	3957.89	4331.1	4812.83	4877.55	4649.91	4762.5	4657.36	4588.22	4743.82	4779.2	4839.3
3586.95	4301.37	3908.04	4014.26	4922.54	3874.29	3725.08	4277.71	3453.98	2767.58	0	3933.43	3776.05	2831.05	2834.11	3794.14	3037.67	4122.88	3538.88	4361.16	4747.86	2881.88	3767.76	3432.94	3520.62	4191.22	3895.05	5038.96	5125.19	5141.26	4961.07	4983.49	5077.42	4996.17	4235.13	4997.74	5049.42	5097.72	5173.3	5080.34	5058.37	5036.66	5261.05	5108.67	5083.63	5201.85	5047.95	4965.17	5088.82	5241.82	5236.09	5007.84	4982.28	4983.61	5003.81	5160.03	5162.76	4648.64	4456.24	4463.66	4725.67	3795.65	3565.43	4143.28	5085.72	5149.15	4884.04	5043.79	4890.07	4843.97	4931.26	5013.76	5122.07
3141.8	3952.9	3609.03	3969.52	4855.07	4449.11	4236.18	3127.53	4012.39	4139.96	3933.43	0	3703.55	3665.8	3016.72	2530.12	4182.93	3342.22	4154.57	3859.49	3774.93	3970.11	3914.64	2708.06	4427.06	3688.98	3121.08	4908.81	4862.61	4854.57	4812.01	4787.53	4849.65	4870.47	2947.2	4792.36	4842.44	4989.74	5018.8	4945.87	4878.98	4974.33	5079.26	5010.71	4923.95	5001.63	4872.29	4833.34	4886.86	4926.43	4902.44	4792.67	4902.94	4786.78	4804.58	5005.02	4866.66	4732.7	4333.73	4365.3	4746.96	3870.13	4310.75	3714.75	4972.78	4811.04	4683.07	4907.69	4561.94	4551.82	4849.96	4880.55	4844.73
4150.88	4182.75	3921.45	3260.01	4895.31	4092.24	4592.31	4115.94	4541.64	4298.45	3776.05	3703.55	0	2681.87	3296.91	4183.13	2727.84	4194.33	3492.9	3626.68	4359	2551.16	3588.43	3488.12	3720.29	3948.12	3009.78	5076.62	5044.97	4990.79	4931.32	4879.83	4811.79	5004.85	3559.67	4959.66	4992.26	4935.79	5022.42	4970.09	4851.54	4958.07	5046.24	4935.71	4854.47	4972.62	5035.9	4997.83	4998.09	5096.31	5092.81	4984.89	5003.19	4926.59	4930.7	5114.99	5094.72	4744.49	4485.87	4464.79	4774.18	3689.79	3964.28	3956.88	5062.11	5046.59	4881.17	5010.31	4895.04	4885.19	4954.5	5071.78	5030.44
3367.91	4391.78	3542.19	3191.07	5006.6	3921.26	3783.15	3985.31	3427.07	3713.38	2831.05	3665.8	2681.87	0	2544.41	4164.02	2744.64	3920.8	3851.4	3817.66	4602.36	3021.27	3720.12	2489.13	3354.23	4034.11	3186.83	5153.72	5155.14	5209.46	4984.12	5004.28	5152.3	5135.22	3453.87	5079.53	5112.43	5126.26	5249.39	5102.56	5061.64	5118.31	5301.49	5115.99	5055.55	5205.26	5183.85	5154.16	5089.46	5168.33	5188.53	5076.31	5073.05	5030.98	5064.39	5266.16	5196.93	4800.03	4633.68	4683.63	4757.78	3266.19	3421.57	4015.03	5191.67	5223.21	4959.95	5133.75	4938.17	4910.57	5075.44	5192.66	5066.23
3896.41	4426.39	3864.9	4030.44	4698.26	4451.84	4375.7	3392.18	3443.8	3425.96	2834.11	3016.72	3296.91	2544.41	0	3046.98	3665.74	4335.74	3985.2	4017.55	4220.51	3326.54	4315.83	2955.39	4013.42	3966.26	2530.64	4981.91	4929.82	5020.65	4724.86	4893.98	4973.13	4905.22	3520.09	4845.34	4825.6	4930.23	5056.22	4888.92	4920.68	4896.89	5076.76	4966.14	4923.01	5001.74	4983.55	4951.66	4908.84	5001.95	4976.86	4934.92	4845.73	4789.53	4968.34	5026.82	4957.03	4948.57	4622.81	4558.67	5001.09	3410.87	4231.95	3226.78	5005.59	5025.9	4701.9	4910.24	4883.55	4795.15	4949.72	4959.69	4959.65
2818.25	3736.11	3258.66	4042.09	4580.28	4257.44	3950.4	1951.97	3192.24	3553.82	3794.14	2530.12	4183.13	4164.02	3046.98	0	3603.9	3096.33	4175.33	4439.59	3829.49	4179.35	3351.94	3118.21	4259.99	3489.84	3113.1	4735.44	4775.83	4184.29	4601.86	4500.28	4623.59	4541.77	2328.16	4423.78	4574.98	4748.6	4854.78	4778.76	4756.41	4735.48	4926.65	4793.07	4743.52	4838.11	4680.86	4638.7	4697.77	4830.79	4807.93	4646.86	4618.95	4487.27	4622.15	4696.28	4727.73	4626.49	4202.8	4192.51	4717.31	3330.54	4295.24	3926.46	4816.44	4771.83	4510.25	4626.02	4406.24	4773.82	4712.68	4642.42	4763.16
3662.84	4066.92	3543.37	3546.68	4992.84	3768.25	3913.04	4097.23	3818.05	3931.69	3037.67	4182.93	2727.84	2744.64	3665.74	3603.9	0	2888.02	3323.52	4497.07	4621.75	3186.31	2485.11	3862.97	3200.5	3765.2	4336.71	5029.87	5130.43	4646.19	5005.5	4869.73	4995.37	4920.58	3897.2	4818.36	4977.61	5008.17	5019.15	4982.42	4911.77	4971.92	5107.73	4940.72	4907.04	5025.11	4993	4987.72	4998.36	5040.68	5051.89	4943.47	4980.15	4834.47	4886.7	4994.3	5014.89	4710.03	4564.08	4678.09	4597.96	3572.34	3530	4114.41	5151.48	5097.3	4878.02	5080.34	4840.52	4979.56	4964.19	5050.61	5109.33
3249.35	3663.15	3137.58	3493.57	4792.62	3751.01	3465.38	3588.35	4003.08	4606.73	4122.88	3342.22	4194.33	3920.8	4335.74	3096.33	2888.02	0	3548.16	4484.48	4219.67	3657.11	2320.48	3275.42	3736.24	3206.32	3784.76	4770.75	4817.53	4328.02	4663.86	4591.4	4749.97	4561.44	3439.82	4426.69	4620.51	4835.38	4867.82	4842.22	4761.62	4839.56	4982.78	4823.69	4787.54	4913.25	4718.69	4709.37	4789.09	4905.17	4864.43	4727.02	4768.02	4565.99	4685.88	4788.13	4782.52	4431.99	4348.16	4419.2	4245.92	4260.25	3962.71	4038.87	4747.47	4872.44	4699.81	4790.85	4319.52	4353.21	4753.65	4815.75	4863.26
3427.67	4046.07	3594.34	3385.6	4651.99	3544.56	3575.95	4558.98	3964.85	4231.77	3538.88	4154.57	3492.9	3851.4	3985.2	4175.33	3323.52	3548.16	0	3349.39	3983.16	3604.88	2987.45	3492.86	2702.16	2909.15	4211.27	4828.99	4840.19	4719.92	4736.68	4785.45	4613.53	4787.64	3893.91	4935.85	4923.33	4892.42	4941.61	4928.12	4800.08	4926.92	5071.56	4856.29	4832.88	4991.47	4806.96	4814.92	4778.53	4851.67	4885.62	4809.81	4828.48	4897.32	4793.91	4969.44	4938.07	4117.28	4553.46	4514.46	4145.52	4505	3879.08	3935.43	4909.59	4898.65	4638.03	4905.76	4620.6	4382	4804.94	5001.18	4836.32
4141.52	4147.64	4291.66	3329.64	4814.34	3979.98	4317.61	4320.52	4441.51	4505.18	4361.16	3859.49	3626.68	3817.66	4017.55	4439.59	4497.07	4484.48	3349.39	0	4578.66	4496.88	4596.67	3521.62	3503.2	2702.79	3768.13	5063.72	5025.94	4537.94	4840.62	4817.12	4531.9	4826.36	3398.13	4881.76	4949.83	4981.89	5033.49	5005.14	4829.6	4974.13	5133.19	4972.32	4880.19	5027.25	4916.22	4893.36	4877.58	5053.75	5056.81	4869.88	4941.27	5048.86	4886.07	5071.98	5037.26	4539.15	4539.8	4377.3	4814.53	3343.61	3995.83	3814.43	4944	5051.24	4646.18	4923.81	4844.51	4966.69	5034.01	5077.58	4940.19
4157.77	4088.39	3769.15	4395.32	4761.83	4226.83	4690.4	4206.75	4369.13	4311.36	4747.86	3774.93	4359	4602.36	4220.51	3829.49	4621.75	4219.67	3983.16	4578.66	0	4241.39	4465.88	4209.81	4445.3	4490.59	4053.81	4837.42	4756.69	4778.68	4734.88	4682	4762.61	4707.87	4069.82	4744.86	4713.13	4894	4913.24	4912.81	4798.34	4958.88	5044.91	4891.98	4870.67	4934.4	4892.88	4844.82	4857.7	4953.33	4910.77	4869.05	4889.03	4902.92	4883.56	4997.69	4967.27	4668.52	4556.64	4443.83	4519.16	4437.07	4505.97	4049.43	4782.2	4878.4	4613.03	4750.1	4423.15	4222.85	4696.46	4850.85	4820.94
3895.43	4300.88	3483.22	3311.28	5048.93	3576.72	4279.1	4071.9	4081.94	3978.56	2881.88	3970.11	2551.16	3021.27	3326.54	4179.35	3186.31	3657.11	3604.88	4496.88	4241.39	0	3532.89	3580.96	3798.82	4634.32	3371.5	5156.23	5169.47	4983.02	5092.13	4928.34	5002.36	5010.47	4144.89	4957.29	4999.77	5046.36	5106.67	5050.06	4991.46	5021.14	5180.96	5040.99	5010.33	5140.58	5145.63	5058.11	5115.03	5266.64	5237.59	5071.48	5048	5030.51	5028.69	5237.17	5207.63	4636.58	4433.38	4410.97	4546.94	3843.68	3663.26	4137.03	5121.52	5192.31	5031.39	5095.01	4900.54	4598.9	4989.48	5177.28	5161.52
3126.83	3768.03	3235.77	3151.24	4829.41	3586.4	3223.93	3525.23	3762.64	4400.33	3767.76	3914.64	3588.43	3720.12	4315.83	3351.94	2485.11	2320.48	2987.45	4596.67	4465.88	3532.89	0	3034.54	3027.56	2902.87	4196.93	5054.43	5084.48	4577.6	4871.14	4844.21	4943.46	4721.84	3182.37	4669.86	4865.72	5004.77	5065.42	4959.88	4962.31	4962.84	5111.5	4986.76	4941.67	5060.16	4972.57	4967.46	4966.35	5057.23	5074.83	4952.18	4965.67	4932.1	4851.92	5118.22	5062.47	4582.71	4575.18	4545.14	4276.69	4066.24	3725.65	4109.19	5066.66	5087.3	4836.38	4961.24	4622.21	4608.8	4943.24	5068.62	5063.26
2831.97	4099.27	3163.68	2924	4720.01	3449.87	3429.63	3232.11	2867.29	3833.57	3432.94	2708.06	3488.12	2489.13	2955.39	3118.21	3862.97	3275.42	3492.86	3521.62	4209.81	3580.96	3034.54	0	3602.27	3292.59	2717.44	4938.47	4910.09	4923.64	4762.54	4764.75	4850.77	4814.68	2722.03	4803.2	4838.72	4923.16	5015.77	4941.13	4864.62	4946.75	5069.91	4895.24	4879.99	5010.62	4904.38	4926.12	4872.52	5022.1	4985.85	4857.54	4885.04	4872.84	4883.95	5070.83	4957.96	4511.36	4324.03	4188.49	4486.33	3615.8	3505.98	3746.56	4906.89	4966.01	4732.34	4786.85	4632.22	4509.48	4832.02	4889.91	4847.37
3508.09	3942.89	3587.25	3004.2	4746.49	3081.51	3619.48	4652.65	3696.51	3857.34	3520.62	4427.06	3720.29	3354.23	4013.42	4259.99	3200.5	3736.24	2702.16	3503.2	4445.3	3798.82	3027.56	3602.27	0	3043.29	4410.11	4965.78	5039.33	4783.8	4840.64	4799.86	4746.75	4923.77	4192.66	4821.38	4770.19	4924.12	5038.52	4924.37	4907.86	4919.75	5081.39	4914.17	4885.74	5045.67	4924.84	4927.01	4864.02	4945.83	5022.86	4927.18	4878.52	4883.23	4880.28	5002.65	4980.08	4333.36	4513.17	4490.24	4239.94	4339.23	3178.63	4071.07	4965.65	5076.06	4805.4	4941.28	4631.69	4630.48	4809.64	5062.89	4970.09
3237.29	3566.88	3997.42	3644.34	4489.94	3964.88	3126.64	3553.25	4099.06	4138.66	4191.22	3688.98	3948.12	4034.11	3966.26	3489.84	3765.2	3206.32	2909.15	2702.79	4490.59	4634.32	2902.87	3292.59	3043.29	0	3910.89	4847.07	4808	4133.85	4581.72	4555.86	4467.73	4450.19	2658.12	4570.58	4742.66	4755.96	4763.35	4691.96	4655.99	4786.55	4863.07	4693.85	4689.39	4809.3	4707.3	4705.16	4640.27	4775.57	4811.18	4646.63	4716.28	4793.94	4611.45	4836.63	4819.65	4383.69	4626.02	4569.19	4458.77	3492.07	4021.03	3659.59	4777.74	4783.35	4483.82	4671.99	4453.87	4763.74	4774.17	4789.6	4744.59
3502.65	4088.1	3434.67	3687.75	4724.39	4217.77	4400.29	2921.96	3550.07	4162.96	3895.05	3121.08	3009.78	3186.83	2530.64	3113.1	4336.71	3784.76	4211.27	3768.13	4053.81	3371.5	4196.93	2717.44	4410.11	3910.89	0	4961.14	4814.58	4830.73	4750.14	4686.04	4809.15	4773.16	2919.49	4804.18	4758.31	4882.13	4924.27	4871.81	4821.94	4901.21	4977.29	4893.97	4806.51	4969.73	4954.81	4947.49	4877.07	5018.52	4930.15	4907.27	4877.53	4854.51	4869.65	5076.82	4981	4672.36	4404.86	4368.07	4916.88	3424.51	4369.47	3827.08	4866.23	5001.35	4729.22	4864.04	4804.52	4732.42	4798.95	4907.9	4829.06
5086.1	4752.33	4882.46	4929.34	4413.32	4924.92	4944.55	5074.49	4989.18	4831.9	5038.96	4908.81	5076.62	5153.72	4981.91	4735.44	5029.87	4770.75	4828.99	5063.72	4837.42	5156.23	5054.43	4938.47	4965.78	4847.07	4961.14	0	4368.18	4706.8	4462.78	4469.2	4492.49	4563.93	4933.49	4644.77	4683.16	4609.64	4787.59	4717.46	4671.84	4613.29	4832.76	4720.38	4697.43	4870.1	4557.05	4547.61	4734.35	4660.87	4714.93	4597.15	4602.95	4460.71	4601.95	4568.13	4529.31	4896.88	4976.65	5011.16	5005.68	4970.61	4981.48	4789.57	4594.33	4690.1	4412.96	4554.35	4716.26	4969.49	4280.07	4461.69	4527.88
5070.33	4700.97	4858.63	4901.34	4516.23	4919.8	4960.31	5014.38	4964.72	4838.86	5125.19	4862.61	5044.97	5155.14	4929.82	4775.83	5130.43	4817.53	4840.19	5025.94	4756.69	5169.47	5084.48	4910.09	5039.33	4808	4814.58	4368.18	0	4694.43	4578.44	4337.08	4521.18	4586.57	4833.77	4554.08	4582.12	4534.12	4535.92	4535.91	4459.62	4533.17	4607.4	4511.42	4469.21	4616.9	4601.67	4552.43	4519.55	4613.42	4493.78	4578.59	4553.77	4431.33	4558.55	4715.91	4623.38	4844.13	4927.09	4953.43	5132.94	4941.91	5035.54	4716.05	4522.45	4498.15	4490.71	4604	4675.51	5021.91	4368.51	4625.08	4407.26
5101.37	4455.43	4579.02	4826.07	4483.79	4820.85	5035.2	3872.28	5056.64	4909.8	5141.26	4854.57	4990.79	5209.46	5020.65	4184.29	4646.19	4328.02	4719.92	4537.94	4778.68	4983.02	4577.6	4923.64	4783.8	4133.85	4830.73	4706.8	4694.43	0	4516.91	4135.24	1991	3733.15	4351.25	4210.4	4435.45	4681.05	4748.36	4714.39	4608.87	4631.39	4821.36	4712.53	4638.24	4736.69	4731.04	4708.62	4653.5	4654.42	4707.11	4700.54	4658.45	4552.78	4669.2	4545.35	4647.11	4541.84	4789.2	4778.83	4749.62	4358.14	4965.63	4653.2	4649.03	4808.93	4449.92	4680.56	4491.25	5002.13	4687.81	4785.58	4677.83
4924.99	4636.4	4818.4	4907.56	3677.7	4823.9	4773.97	4814.66	4784.75	4795.01	4961.07	4812.01	4931.32	4984.12	4724.86	4601.86	5005.5	4663.86	4736.68	4840.62	4734.88	5092.13	4871.14	4762.54	4840.64	4581.72	4750.14	4462.78	4578.44	4516.91	0	4454.41	4553.08	4498.79	4722.45	4442.84	4363.02	4408.74	4727.38	4569.02	4505.97	4413.26	4678.64	4593.93	4442.15	4660.56	4637.13	4566.74	4639.82	4647.92	4612.93	4639.36	4568.44	4580.24	4683.88	4734.99	4657.62	4776.3	4789.5	4790.81	5013.33	4772.68	4908.01	4635.79	4579.03	4608.36	4232.98	4474.04	4385.55	4823.43	4489.24	4565.98	4533.4
4745.48	4559.66	4623.73	4831.32	4349.6	4728.63	4819.14	4737.83	4832.34	4727.98	4983.49	4787.53	4879.83	5004.28	4893.98	4500.28	4869.73	4591.4	4785.45	4817.12	4682	4928.34	4844.21	4764.75	4799.86	4555.86	4686.04	4469.2	4337.08	4135.24	4454.41	0	3743.52	3943.22	4627.71	4136.98	4410.88	4665.71	4646.54	4599.31	4616.29	4663.56	4701.92	4605.77	4634.84	4756.13	4652.01	4629.38	4600.33	4465.99	4405.53	4567.56	4597.73	4423.24	4674.7	4577.77	4493.25	4586.79	4747.06	4752.07	4860.91	4693.91	4738.91	4599.69	4507.36	4600.65	4296.99	4513.95	4519.83	4731.05	4348.34	4553.75	4386.01
4996.82	4623.1	4857.95	4795.62	4520.32	4732.73	4903.72	4886.51	4945.48	4868.75	5077.42	4849.65	4811.79	5152.3	4973.13	4623.59	4995.37	4749.97	4613.53	4531.9	4762.61	5002.36	4943.46	4850.77	4746.75	4467.73	4809.15	4492.49	4521.18	1991	4553.08	3743.52	0	4252.48	4759.06	4373.16	4449.86	4705.16	4647.41	4660.13	4666.05	4677.87	4703.97	4642.21	4704.1	4792.9	4705.86	4660.88	4690	4656.32	4727.01	4716.48	4731.87	4587.36	4662.63	4704.68	4618.65	4585.17	4756.9	4728.77	4836.32	4803.49	4837.77	4562.16	4376.87	4680.81	4419.54	4638.63	4461.81	4894.78	4547.19	4743.56	4569.03
4967.65	4567.41	4676.95	4837.69	4090.75	4821.97	4871.3	4520.01	5006.13	4772.79	4996.17	4870.47	5004.85	5135.22	4905.22	4541.77	4920.58	4561.44	4787.64	4826.36	4707.87	5010.47	4721.84	4814.68	4923.77	4450.19	4773.16	4563.93	4586.57	3733.15	4498.79	3943.22	4252.48	0	4496.49	4361.44	4436.37	4568.44	4653	4578.9	4482.61	4537.53	4736.27	4612.45	4519.29	4763.73	4686.7	4610.35	4621.19	4608.57	4561.75	4624.13	4586.7	4508.66	4602.88	4747.88	4643.99	4791.46	4733.57	4740.17	4871.06	4581.96	4947.32	4469.86	4604.5	4790.33	4428.84	4781.77	4471.24	4729.54	4505.71	4788.1	4673.02
2110.77	3824.13	3191.46	3501.93	4648.56	4322.26	2852.7	2371.84	3514.78	4181.48	4235.13	2947.2	3559.67	3453.87	3520.09	2328.16	3897.2	3439.82	3893.91	3398.13	4069.82	4144.89	3182.37	2722.03	4192.66	2658.12	2919.49	4933.49	4833.77	4351.25	4722.45	4627.71	4759.06	4496.49	0	4553.67	4763.2	4943.29	4932.5	4862.3	4850.87	4949.41	5059.23	4892.89	4863.11	4978.5	4881.22	4857.23	4856.12	4910.33	4917.44	4858.77	4851.96	4840.3	4744.16	4985.3	4972.43	4710.53	4109.87	4116.18	4732.92	2295.33	4240.63	3832.24	4854.35	4855.88	4594.69	4785.84	4484.08	4790.61	4786.31	4882.82	4864.21
4899.88	4528.74	4637.49	4688.37	4458.19	4696.16	4811.01	4640.33	4823.41	4770.13	4997.74	4792.36	4959.66	5079.53	4845.34	4423.78	4818.36	4426.69	4935.85	4881.76	4744.86	4957.29	4669.86	4803.2	4821.38	4570.58	4804.18	4644.77	4554.08	4210.4	4442.84	4136.98	4373.16	4361.44	4553.67	0	2021.37	4600.41	4645.29	4569.98	4664.72	4583.18	4736.88	4690.22	4669.18	4766.16	4677.39	4632.01	4639.42	4748.69	4630.36	4679.96	4627.51	4546.74	4691.44	4777.89	4685.3	4766.59	4512.11	4519.45	4896.86	4617.65	4805.94	4606.92	4598.17	4698.97	4381.47	4581.23	4149.7	4901.01	4500.23	4624.17	4521.82
4922.85	4533.01	4628.28	4721.03	4429.33	4739.73	4853.65	4873.36	4833.8	4841.71	5049.42	4842.44	4992.26	5112.43	4825.6	4574.98	4977.61	4620.51	4923.33	4949.83	4713.13	4999.77	4865.72	4838.72	4770.19	4742.66	4758.31	4683.16	4582.12	4435.45	4363.02	4410.88	4449.86	4436.37	4763.2	2021.37	0	4582.29	4652.64	4566.18	4569	4550.51	4717.93	4567.32	4590.65	4782.48	4733.88	4633.39	4614.94	4729.52	4646	4610.48	4671.21	4596.63	4632.88	4836.17	4706.39	4780.1	4539.37	4519.67	5006.71	4779.39	4867.51	4614.09	4607.82	4509.72	4404.06	4603.59	4153.76	4894.89	4537.21	4634.82	4573.47
5110.83	4575.14	4818.37	4875.41	4429.69	4803.02	4959.51	4994.2	5033.09	4852.07	5097.72	4989.74	4935.79	5126.26	4930.23	4748.6	5008.17	4835.38	4892.42	4981.89	4894	5046.36	5004.77	4923.16	4924.12	4755.96	4882.13	4609.64	4534.12	4681.05	4408.74	4665.71	4705.16	4568.44	4943.29	4600.41	4582.29	0	3243.65	3796.51	1463.35	1784.78	2619.93	2762.68	1510.51	2854.97	3030.67	3152.01	3913.93	4484.4	4578.71	3272.29	3901.64	4175.2	3459.57	4058.55	4426.41	4900.51	4909.33	4915.57	5098.3	4834.63	5037.28	4755.59	4671.87	4542.27	4481.13	4425.64	4565	5017.41	4498.31	4561.71	4565.31
5097.53	4716.72	4851.43	4994.29	4659.65	4887.99	5008.13	5057.36	5031.66	4980.99	5173.3	5018.8	5022.42	5249.39	5056.22	4854.78	5019.15	4867.82	4941.61	5033.49	4913.24	5106.67	5065.42	5015.77	5038.52	4763.35	4924.27	4787.59	4535.92	4748.36	4727.38	4646.54	4647.41	4653	4932.5	4645.29	4652.64	3243.65	0	1632.05	2482.53	3234.81	1253.85	2675.05	3200.58	2359.55	3474.61	3477.1	3609.96	4456.17	4423.81	3208.1	4182.92	4452.62	3383.81	4612.56	4523.86	5078.56	4969.56	5004.51	5248.9	4925.89	5022.98	4794.75	4817.95	4753.48	4663.72	4588.6	4690.82	5084.69	4562.19	4684.62	4723.86
4989.38	4669.61	4807.28	4892.25	4658.24	4841.42	4939.11	4962.13	4952.37	4983.87	5080.34	4945.87	4970.09	5102.56	4888.92	4778.76	4982.42	4842.22	4928.12	5005.14	4912.81	5050.06	4959.88	4941.13	4924.37	4691.96	4871.81	4717.46	4535.91	4714.39	4569.02	4599.31	4660.13	4578.9	4862.3	4569.98	4566.18	3796.51	1632.05	0	3313.06	2722.94	2084.22	2056.41	3076.51	2353.68	4106.69	3936.63	3211.13	4456.95	4461.82	3649.01	3364.61	4227.81	3531.09	4549.14	4430.27	5091.23	4998.33	4969.98	5242.17	4880.05	4943.13	4709.32	4785.12	4698.2	4653.42	4588.23	4724.51	5059.43	4488.67	4671.98	4711.95
5046.78	4596.4	4792.61	4841.83	4481.87	4775.83	4899.26	4960.55	4970.64	4795.26	5058.37	4878.98	4851.54	5061.64	4920.68	4756.41	4911.77	4761.62	4800.08	4829.6	4798.34	4991.46	4962.31	4864.62	4907.86	4655.99	4821.94	4671.84	4459.62	4608.87	4505.97	4616.29	4666.05	4482.61	4850.87	4664.72	4569	1463.35	2482.53	3313.06	0	2830.25	2696.37	2109.5	995.145	2302.25	3528.98	3678.26	3453.11	4242.53	4338.26	2886.76	4110.09	4341.97	3295.78	4410.19	4385.22	4865.21	4919.08	4898.83	5059.79	4778.36	4945.95	4673.13	4653.11	4568.43	4554.39	4458.34	4615.04	5007.89	4510.05	4560.77	4593.41
5119.51	4658.97	4845.18	4892.14	4578.62	4862.03	4985.45	4998.71	5035.48	4851.67	5036.66	4974.33	4958.07	5118.31	4896.89	4735.48	4971.92	4839.56	4926.92	4974.13	4958.88	5021.14	4962.84	4946.75	4919.75	4786.55	4901.21	4613.29	4533.17	4631.39	4413.26	4663.56	4677.87	4537.53	4949.41	4583.18	4550.51	1784.78	3234.81	2722.94	2830.25	0	3119.35	3030.73	2951.53	3350.03	3683.28	3336.75	3985.32	4505.68	4539.15	3850.93	3156.59	4108.12	4137.83	4109.24	4440.81	4909.64	4930.65	4939.25	5088.4	4870.12	4992.75	4766.14	4677.09	4498.37	4425.53	4510.49	4566.72	5050.32	4479.04	4688.37	4551.09
5194.13	4813.2	4973.01	5076.81	4670.76	4997.23	5137.35	5124.14	5133.44	5083.99	5261.05	5079.26	5046.24	5301.49	5076.76	4926.65	5107.73	4982.78	5071.56	5133.19	5044.91	5180.96	5111.5	5069.91	5081.39	4863.07	4977.29	4832.76	4607.4	4821.36	4678.64	4701.92	4703.97	4736.27	5059.23	4736.88	4717.93	2619.93	1253.85	2084.22	2696.37	3119.35	0	2360.36	2584.8	1897.53	3467.24	3859.62	3429.75	4656.37	4672.88	2975.93	4327.1	4426.11	3435.9	4573.23	4499.74	5198.84	5022.88	5029.03	5319.6	4948.8	5108.46	4863.41	4869.61	4750.14	4730.69	4630.77	4756.42	5180.19	4626.66	4732.39	4811.04
5030.63	4655.34	4875.37	4868.79	4623.93	4817.4	4862.75	5028.2	4963.43	4908.46	5108.67	5010.71	4935.71	5115.99	4966.14	4793.07	4940.72	4823.69	4856.29	4972.32	4891.98	5040.99	4986.76	4895.24	4914.17	4693.85	4893.97	4720.38	4511.42	4712.53	4593.93	4605.77	4642.21	4612.45	4892.89	4690.22	4567.32	2762.68	2675.05	2056.41	2109.5	3030.73	2360.36	0	2003.83	2712.08	3917.82	4156.72	2871.84	4240.57	4408.54	3328.88	3490.28	4286.36	3301.79	4265.89	4364.57	4994.96	4933.99	4893.29	5115.42	4839.7	4911.42	4738.92	4631.03	4626.01	4584.35	4502.42	4663.16	5007.48	4502.21	4568.43	4660.43
5050.92	4579	4795.12	4814.3	4538.02	4807.68	4899.28	4941.29	4982.13	4877.77	5083.63	4923.95	4854.47	5055.55	4923.01	4743.52	4907.04	4787.54	4832.88	4880.19	4870.67	5010.33	4941.67	4879.99	4885.74	4689.39	4806.51	4697.43	4469.21	4638.24	4442.15	4634.84	4704.1	4519.29	4863.11	4669.18	4590.65	1510.51	3200.58	3076.51	995.145	2951.53	2584.8	2003.83	0	1824.04	3673.83	3879.02	3233.5	4454.53	4563.92	3090.1	3930.22	4317.46	3060.82	4427.59	4424.01	4918.02	4927.23	4898.84	5067.72	4814.79	4978.76	4690.36	4707.41	4633.87	4616.42	4510.85	4647.5	4995.29	4519.52	4582.99	4680.37
5152.25	4753.32	4901.22	4997.98	4701.51	4975.07	5037.87	5068.49	5083.32	5020.61	5201.85	5001.63	4972.62	5205.26	5001.74	4838.11	5025.11	4913.25	4991.47	5027.25	4934.4	5140.58	5060.16	5010.62	5045.67	4809.3	4969.73	4870.1	4616.9	4736.69	4660.56	4756.13	4792.9	4763.73	4978.5	4766.16	4782.48	2854.97	2359.55	2353.68	2302.25	3350.03	1897.53	2712.08	1824.04	0	3808.52	4124.13	2987.38	4595.37	4601.83	3271.79	3861.76	4488.48	3356.63	4585.43	4547.82	5155.74	5088.6	5080.59	5281.15	4949.06	5039.56	4841.68	4889.66	4755.02	4684.5	4676.68	4773.41	5198.22	4655.34	4753.68	4801.68
5073.07	4686.04	4859.16	4931.49	4516.02	4895.29	4943.7	4990.79	5081.43	4854.36	5047.95	4872.29	5035.9	5183.85	4983.55	4680.86	4993	4718.69	4806.96	4916.22	4892.88	5145.63	4972.57	4904.38	4924.84	4707.3	4954.81	4557.05	4601.67	4731.04	4637.13	4652.01	4705.86	4686.7	4881.22	4677.39	4733.88	3030.67	3474.61	4106.69	3528.98	3683.28	3467.24	3917.82	3673.83	3808.52	0	1886.92	2017.42	4083.89	4523.84	2022.87	2732.37	4051.64	2912.05	3563.9	3942.11	4904.56	4826.43	4851.85	5039.77	4880.07	5060.8	4818.16	4667.45	4611.16	4487.64	4585.18	4640.46	5025.98	4490.58	4607.69	4531.18
5051.22	4722.05	4863.77	4876.23	4569.98	4852.56	4975.43	4978.8	5064.58	4806.82	4965.17	4833.34	4997.83	5154.16	4951.66	4638.7	4987.72	4709.37	4814.92	4893.36	4844.82	5058.11	4967.46	4926.12	4927.01	4705.16	4947.49	4547.61	4552.43	4708.62	4566.74	4629.38	4660.88	4610.35	4857.23	4632.01	4633.39	3152.01	3477.1	3936.63	3678.26	3336.75	3859.62	4156.72	3879.02	4124.13	1886.92	0	3452.24	4384.22	4406.46	2042.33	2131.53	4027.08	2105.6	3942.94	4322.8	4932.9	4837.72	4881.03	5045.9	4760.85	5038.23	4758.92	4641.28	4535.49	4427.28	4597.19	4531.36	5058.48	4490.87	4608.21	4468.53
5037.17	4650.08	4817.76	4887.02	4616.59	4889.76	4907.93	4947.73	4986.78	4915.22	5088.82	4886.86	4998.09	5089.46	4908.84	4697.77	4998.36	4789.09	4778.53	4877.58	4857.7	5115.03	4966.35	4872.52	4864.02	4640.27	4877.07	4734.35	4519.55	4653.5	4639.82	4600.33	4690	4621.19	4856.12	4639.42	4614.94	3913.93	3609.96	3211.13	3453.11	3985.32	3429.75	2871.84	3233.5	2987.38	2017.42	3452.24	0	3934.93	4405.21	1941.07	1942.69	4194.13	3067.09	3737.16	3868.99	4921.25	4874.12	4911.26	5028.9	4864.54	4992.2	4748.55	4644.59	4652.89	4545.92	4573.33	4675.18	4994.59	4448.94	4621.14	4621.72
5042.26	4714.61	4855.42	5019.31	4681.14	4914.08	4982.15	5037.86	5046.25	4998	5241.82	4926.43	5096.31	5168.33	5001.95	4830.79	5040.68	4905.17	4851.67	5053.75	4953.33	5266.64	5057.23	5022.1	4945.83	4775.57	5018.52	4660.87	4613.42	4654.42	4647.92	4465.99	4656.32	4608.57	4910.33	4748.69	4729.52	4484.4	4456.17	4456.95	4242.53	4505.68	4656.37	4240.57	4454.53	4595.37	4083.89	4384.22	3934.93	0	1683.03	4331.66	4261.9	3469.69	4622.26	2746.26	1986.62	4951.9	4923.73	4903.82	5076.18	4930.18	5057.98	4743.96	4646.25	4434.96	4581.56	4703.49	4810.52	5021.48	4586.24	4762.65	4694.31
5065.65	4727.49	4851.57	5070.87	4691.89	4951.61	5018.25	4988.63	5043.08	5002.18	5236.09	4902.44	5092.81	5188.53	4976.86	4807.93	5051.89	4864.43	4885.62	5056.81	4910.77	5237.59	5074.83	4985.85	5022.86	4811.18	4930.15	4714.93	4493.78	4707.11	4612.93	4405.53	4727.01	4561.75	4917.44	4630.36	4646	4578.71	4423.81	4461.82	4338.26	4539.15	4672.88	4408.54	4563.92	4601.83	4523.84	4406.46	4405.21	1683.03	0	4387.19	4397.29	2859.3	4665.73	4058.33	2492.65	4929.26	4895.22	4931.46	5095.1	4957.08	5091.93	4719.14	4619.49	4492.83	4582.05	4725.08	4733.07	5003.52	4528.21	4812.16	4676.35
5035.84	4667.13	4800.5	4875	4582.88	4901.17	4955.86	4970.94	5033.05	4814.79	5007.84	4792.67	4984.89	5076.31	4934.92	4646.86	4943.47	4727.02	4809.81	4869.88	4869.05	5071.48	4952.18	4857.54	4927.18	4646.63	4907.27	4597.15	4578.59	4700.54	4639.36	4567.56	4716.48	4624.13	4858.77	4679.96	4610.48	3272.29	3208.1	3649.01	2886.76	3850.93	2975.93	3328.88	3090.1	3271.79	2022.87	2042.33	1941.07	4331.66	4387.19	0	2449.49	4095.39	2287.03	4225.05	4174.61	4880.6	4860.24	4893.21	5035.07	4736.31	5010.82	4748.05	4632.95	4541.54	4486.3	4537.46	4609.31	5033.48	4459.62	4580.53	4572.82
5029.82	4682.34	4812.26	4852.31	4627.65	4859	4901.75	4904.21	4963.27	4835.49	4982.28	4902.94	5003.19	5073.05	4845.73	4618.95	4980.15	4768.02	4828.48	4941.27	4889.03	5048	4965.67	4885.04	4878.52	4716.28	4877.53	4602.95	4553.77	4658.45	4568.44	4597.73	4731.87	4586.7	4851.96	4627.51	4671.21	3901.64	4182.92	3364.61	4110.09	3156.59	4327.1	3490.28	3930.22	3861.76	2732.37	2131.53	1942.69	4261.9	4397.29	2449.49	0	3891.14	3401.07	3716.25	4248.01	4904.82	4881.78	4923.53	5023.77	4835.08	5007.14	4743.91	4601.38	4578.77	4392.55	4566.22	4507.38	5059.95	4378	4636.79	4514.79
5023.4	4558.95	4690.8	4828.94	4635.86	4828.92	4954.57	4820.23	4926	4792.56	4983.61	4786.78	4926.59	5030.98	4789.53	4487.27	4834.47	4565.99	4897.32	5048.86	4902.92	5030.51	4932.1	4872.84	4883.23	4793.94	4854.51	4460.71	4431.33	4552.78	4580.24	4423.24	4587.36	4508.66	4840.3	4546.74	4596.63	4175.2	4452.62	4227.81	4341.97	4108.12	4426.11	4286.36	4317.46	4488.48	4051.64	4027.08	4194.13	3469.69	2859.3	4095.39	3891.14	0	4222.59	2910.81	3031.65	4869.75	4846	4935.36	5055.64	4799.15	4945.67	4682.48	4582.49	4700.65	4521.25	4568.82	4539.57	4920.84	4491.39	4633.47	4497.52
5058.44	4684.7	4806.43	4771.65	4650.69	4842.43	4949.43	4898.1	5040.5	4840.47	5003.81	4804.58	4930.7	5064.39	4968.34	4622.15	4886.7	4685.88	4793.91	4886.07	4883.56	5028.69	4851.92	4883.95	4880.28	4611.45	4869.65	4601.95	4558.55	4669.2	4683.88	4674.7	4662.63	4602.88	4744.16	4691.44	4632.88	3459.57	3383.81	3531.09	3295.78	4137.83	3435.9	3301.79	3060.82	3356.63	2912.05	2105.6	3067.09	4622.26	4665.73	2287.03	3401.07	4222.59	0	4286.65	4429.09	4939.86	4864	4907.56	5084.92	4696.05	4955.57	4704.98	4736.13	4641.57	4542.77	4666.26	4685.34	4958.84	4547.02	4646.77	4550.86
5182.46	4753.63	4857.3	5037.46	4750.42	5014.34	5065.82	4989.23	5122.06	4933.71	5160.03	5005.02	5114.99	5266.16	5026.82	4696.28	4994.3	4788.13	4969.44	5071.98	4997.69	5237.17	5118.22	5070.83	5002.65	4836.63	5076.82	4568.13	4715.91	4545.35	4734.99	4577.77	4704.68	4747.88	4985.3	4777.89	4836.17	4058.55	4612.56	4549.14	4410.19	4109.24	4573.23	4265.89	4427.59	4585.43	3563.9	3942.94	3737.16	2746.26	4058.33	4225.05	3716.25	2910.81	4286.65	0	2348.93	4963.35	4965.31	5048.45	5021.44	4815.37	5139.35	4990.41	4840.82	4690.96	4572.45	4728.29	4561.88	5079.32	4629.29	4742.81	4760.6
5144.58	4688.53	4831.25	4972.28	4631.47	4872.04	5019.64	4982.96	5060.28	4951.11	5162.76	4866.66	5094.72	5196.93	4957.03	4727.73	5014.89	4782.52	4938.07	5037.26	4967.27	5207.63	5062.47	4957.96	4980.08	4819.65	4981	4529.31	4623.38	4647.11	4657.62	4493.25	4618.65	4643.99	4972.43	4685.3	4706.39	4426.41	4523.86	4430.27	4385.22	4440.81	4499.74	4364.57	4424.01	4547.82	3942.11	4322.8	3868.99	1986.62	2492.65	4174.61	4248.01	3031.65	4429.09	2348.93	0	4927.16	4781.6	4890.16	5037.61	4889.58	5074.63	4745.57	4640.75	4379.29	4588.89	4666.27	4792.08	5033.41	4650.34	4680.13	4640.3
4550.75	4468.84	4412.65	4402.35	4752.12	4346.88	4453	4855.15	4531.97	4802.6	4648.64	4732.7	4744.49	4800.03	4948.57	4626.49	4710.03	4431.99	4117.28	4539.15	4668.52	4636.58	4582.71	4511.36	4333.36	4383.69	4672.36	4896.88	4844.13	4541.84	4776.3	4586.79	4585.17	4791.46	4710.53	4766.59	4780.1	4900.51	5078.56	5091.23	4865.21	4909.64	5198.84	4994.96	4918.02	5155.74	4904.56	4932.9	4921.25	4951.9	4929.26	4880.6	4904.82	4869.75	4939.86	4963.35	4927.16	0	4254.93	4539.6	2560.82	4786.74	4310.71	4376.91	4695.7	4785.81	4691.05	4858.56	4480.42	4112.64	4707.06	4897.86	4831.16
4156.49	3914.5	3949.48	4395.85	4752.83	4319.52	4281.81	4444.56	4267.96	4612.93	4456.24	4333.73	4485.87	4633.68	4622.81	4202.8	4564.08	4348.16	4553.46	4539.8	4556.64	4433.38	4575.18	4324.03	4513.17	4626.02	4404.86	4976.65	4927.09	4789.2	4789.5	4747.06	4756.9	4733.57	4109.87	4512.11	4539.37	4909.33	4969.56	4998.33	4919.08	4930.65	5022.88	4933.99	4927.23	5088.6	4826.43	4837.72	4874.12	4923.73	4895.22	4860.24	4881.78	4846	4864	4965.31	4781.6	4254.93	0	945.021	4103.5	4325.74	4346.36	4378.66	4661.61	4847.79	4738.24	4826.69	3122	4760.28	4778.74	4903.52	4858.36
4223.54	3871.65	3908.39	4330.02	4769.99	4338.78	4339.93	4488.31	4260.41	4531.84	4463.66	4365.3	4464.79	4683.63	4558.67	4192.51	4678.09	4419.2	4514.46	4377.3	4443.83	4410.97	4545.14	4188.49	4490.24	4569.19	4368.07	5011.16	4953.43	4778.83	4790.81	4752.07	4728.77	4740.17	4116.18	4519.45	4519.67	4915.57	5004.51	4969.98	4898.83	4939.25	5029.03	4893.29	4898.84	5080.59	4851.85	4881.03	4911.26	4903.82	4931.46	4893.21	4923.53	4935.36	4907.56	5048.45	4890.16	4539.6	945.021	0	4386.73	4359.48	4330.02	4350.35	4671.93	4857.78	4792.17	4799.64	3441.31	4609.75	4821.65	4935.7	4864.15
4458.63	4478.96	4369.18	4105.5	4998.11	4276.57	4315.52	4988.09	4633.96	4965.58	4725.67	4746.96	4774.18	4757.78	5001.09	4717.31	4597.96	4245.92	4145.52	4814.53	4519.16	4546.94	4276.69	4486.33	4239.94	4458.77	4916.88	5005.68	5132.94	4749.62	5013.33	4860.91	4836.32	4871.06	4732.92	4896.86	5006.71	5098.3	5248.9	5242.17	5059.79	5088.4	5319.6	5115.42	5067.72	5281.15	5039.77	5045.9	5028.9	5076.18	5095.1	5035.07	5023.77	5055.64	5084.92	5021.44	5037.61	2560.82	4103.5	4386.73	0	5131.17	4426.85	4291.78	4682.64	5035.57	4932.19	5026.91	4330.71	4321.84	4897.47	5108.14	5090.11
3722.63	4122.4	3747.25	3756.68	4700.32	4316.11	3943.12	3243.13	3687.73	3975.19	3795.65	3870.13	3689.79	3266.19	3410.87	3330.54	3572.34	4260.25	4505	3343.61	4437.07	3843.68	4066.24	3615.8	4339.23	3492.07	3424.51	4970.61	4941.91	4358.14	4772.68	4693.91	4803.49	4581.96	2295.33	4617.65	4779.39	4834.63	4925.89	4880.05	4778.36	4870.12	4948.8	4839.7	4814.79	4949.06	4880.07	4760.85	4864.54	4930.18	4957.08	4736.31	4835.08	4799.15	4696.05	4815.37	4889.58	4786.74	4325.74	4359.48	5131.17	0	3904.88	3878.98	4944.73	4889.2	4588.81	4956.75	4573.72	4930.44	4841.26	4978.72	4937.03
2875.2	3554.39	3821.71	3158.27	4914.79	2335.05	2899.99	4559.69	2775.95	3957.89	3565.43	4310.75	3964.28	3421.57	4231.95	4295.24	3530	3962.71	3879.08	3995.83	4505.97	3663.26	3725.65	3505.98	3178.63	4021.03	4369.47	4981.48	5035.54	4965.63	4908.01	4738.91	4837.77	4947.32	4240.63	4805.94	4867.51	5037.28	5022.98	4943.13	4945.95	4992.75	5108.46	4911.42	4978.76	5039.56	5060.8	5038.23	4992.2	5057.98	5091.93	5010.82	5007.14	4945.67	4955.57	5139.35	5074.63	4310.71	4346.36	4330.02	4426.85	3904.88	0	3480.7	4803.39	5060.58	4913.38	4974.31	4677.5	4583.2	4900.76	5053.88	4919.86
4362.05	4075.04	4344.49	3292.99	4653.3	3748.06	3847.02	3996.52	3803.37	4331.1	4143.28	3714.75	3956.88	4015.03	3226.78	3926.46	4114.41	4038.87	3935.43	3814.43	4049.43	4137.03	4109.19	3746.56	4071.07	3659.59	3827.08	4789.57	4716.05	4653.2	4635.79	4599.69	4562.16	4469.86	3832.24	4606.92	4614.09	4755.59	4794.75	4709.32	4673.13	4766.14	4863.41	4738.92	4690.36	4841.68	4818.16	4758.92	4748.55	4743.96	4719.14	4748.05	4743.91	4682.48	4704.98	4990.41	4745.57	4376.91	4378.66	4350.35	4291.78	3878.98	3480.7	0	4461.04	4846.07	4544.09	4784.44	4450.91	4348.58	4742.55	4816.51	4682.97
5004.52	4579.86	4808.8	4821.77	4678.28	4721.58	4785.15	5034.64	4934.88	4812.83	5085.72	4972.78	5062.11	5191.67	5005.59	4816.44	5151.48	4747.47	4909.59	4944	4782.2	5121.52	5066.66	4906.89	4965.65	4777.74	4866.23	4594.33	4522.45	4649.03	4579.03	4507.36	4376.87	4604.5	4854.35	4598.17	4607.82	4671.87	4817.95	4785.12	4653.11	4677.09	4869.61	4631.03	4707.41	4889.66	4667.45	4641.28	4644.59	4646.25	4619.49	4632.95	4601.38	4582.49	4736.13	4840.82	4640.75	4695.7	4661.61	4671.93	4682.64	4944.73	4803.39	4461.04	0	4585.59	4198.41	4304.89	4554.37	4819.03	4446.89	4245.14	3169.2
5018.72	4719.84	4945.94	5027.88	4612.24	4892.71	4924.8	5109.54	4999.92	4877.55	5149.15	4811.04	5046.59	5223.21	5025.9	4771.83	5097.3	4872.44	4898.65	5051.24	4878.4	5192.31	5087.3	4966.01	5076.06	4783.35	5001.35	4690.1	4498.15	4808.93	4608.36	4600.65	4680.81	4790.33	4855.88	4698.97	4509.72	4542.27	4753.48	4698.2	4568.43	4498.37	4750.14	4626.01	4633.87	4755.02	4611.16	4535.49	4652.89	4434.96	4492.83	4541.54	4578.77	4700.65	4641.57	4690.96	4379.29	4785.81	4847.79	4857.78	5035.57	4889.2	5060.58	4846.07	4585.59	0	4423.57	4501.99	4723.01	4939.44	4377.92	4521.6	4543.27
4877.71	4500.7	4632.84	4762.48	4281.79	4797.52	4852.89	4829.85	4843.8	4649.91	4884.04	4683.07	4881.17	4959.95	4701.9	4510.25	4878.02	4699.81	4638.03	4646.18	4613.03	5031.39	4836.38	4732.34	4805.4	4483.82	4729.22	4412.96	4490.71	4449.92	4232.98	4296.99	4419.54	4428.84	4594.69	4381.47	4404.06	4481.13	4663.72	4653.42	4554.39	4425.53	4730.69	4584.35	4616.42	4684.5	4487.64	4427.28	4545.92	4581.56	4582.05	4486.3	4392.55	4521.25	4542.77	4572.45	4588.89	4691.05	4738.24	4792.17	4932.19	4588.81	4913.38	4544.09	4198.41	4423.57	0	4216.77	4451.91	4898.66	4293	4181.37	4289.8
4949.24	4676.21	4864.73	4946.02	4487.53	4827.48	4853.08	4953.12	4929.9	4762.5	5043.79	4907.69	5010.31	5133.75	4910.24	4626.02	5080.34	4790.85	4905.76	4923.81	4750.1	5095.01	4961.24	4786.85	4941.28	4671.99	4864.04	4554.35	4604	4680.56	4474.04	4513.95	4638.63	4781.77	4785.84	4581.23	4603.59	4425.64	4588.6	4588.23	4458.34	4510.49	4630.77	4502.42	4510.85	4676.68	4585.18	4597.19	4573.33	4703.49	4725.08	4537.46	4566.22	4568.82	4666.26	4728.29	4666.27	4858.56	4826.69	4799.64	5026.91	4956.75	4974.31	4784.44	4304.89	4501.99	4216.77	0	4498.3	4903.94	4484.54	1038.66	4488.72
4579.22	4144.15	4290.84	4774.42	4499.52	4607.83	4400.7	4619.31	4639.96	4657.36	4890.07	4561.94	4895.04	4938.17	4883.55	4406.24	4840.52	4319.52	4620.6	4844.51	4423.15	4900.54	4622.21	4632.22	4631.69	4453.87	4804.52	4716.26	4675.51	4491.25	4385.55	4519.83	4461.81	4471.24	4484.08	4149.7	4153.76	4565	4690.82	4724.51	4615.04	4566.72	4756.42	4663.16	4647.5	4773.41	4640.46	4531.36	4675.18	4810.52	4733.07	4609.31	4507.38	4539.57	4685.34	4561.88	4792.08	4480.42	3122	3441.31	4330.71	4573.72	4677.5	4450.91	4554.37	4723.01	4451.91	4498.3	0	4545.64	4441.6	4609.44	4686.09
4876.73	4492.55	4323.56	4376.11	4778.76	4444.11	4519.61	5027.4	4627.94	4588.22	4843.97	4551.82	4885.19	4910.57	4795.15	4773.82	4979.56	4353.21	4382	4966.69	4222.85	4598.9	4608.8	4509.48	4630.48	4763.74	4732.42	4969.49	5021.91	5002.13	4823.43	4731.05	4894.78	4729.54	4790.61	4901.01	4894.89	5017.41	5084.69	5059.43	5007.89	5050.32	5180.19	5007.48	4995.29	5198.22	5025.98	5058.48	4994.59	5021.48	5003.52	5033.48	5059.95	4920.84	4958.84	5079.32	5033.41	4112.64	4760.28	4609.75	4321.84	4930.44	4583.2	4348.58	4819.03	4939.44	4898.66	4903.94	4545.64	0	4880.85	4958.09	4953.79
