0.731562	0.142374	0.168988	0.0992486	-0.0995182	0.217372	0.456637	0.146419	0.345851	0.0155221	0.14735	0.167403	0.0196684	0.198148	0.0728891	0.190936	0.108232	0.173255	0.121124	0.0300031	0.0262338	0.0838766	0.207226	0.20925	0.142032	0.170076	0.121593	-0.117545	-0.124408	-0.142177	-0.109929	-0.0763392	-0.122038	-0.114324	0.302874	-0.10545	-0.104335	-0.1766	-0.160926	-0.148129	-0.173277	-0.16933	-0.173083	-0.162528	-0.169807	-0.16675	-0.165256	-0.162421	-0.160536	-0.127657	-0.12793	-0.171307	-0.15167	-0.139739	-0.159376	-0.154973	-0.152186	-0.0258522	0.0313169	0.0237729	0.0207927	0.106012	0.249333	-0.041847	-0.115306	-0.10601	-0.115139	-0.114429	-0.0493826	-0.0683235	-0.107689	-0.125174	-0.120399
0.142374	0.704845	0.418159	0.137955	-0.0562577	0.218638	0.212512	0.0318854	0.152512	0.028362	-0.0257633	0.0419699	0.0052674	-0.0356718	-0.0572009	0.0395333	0.0174257	0.0746022	0.00627618	0.0228392	0.0415254	-0.00995433	0.0660433	-0.0233579	0.0527783	0.0736728	0.000457823	-0.0616758	-0.0568277	-0.00937067	-0.0591838	-0.0468049	-0.0641926	-0.0480219	0.0343114	-0.0449489	-0.0423661	-0.0871161	-0.104271	-0.0962148	-0.0945949	-0.0884499	-0.106039	-0.100144	-0.0864246	-0.0941744	-0.0989811	-0.10647	-0.101913	-0.0731498	-0.0672466	-0.113112	-0.0974314	-0.0638149	-0.0981371	-0.0772566	-0.0755626	-0.0226885	0.0648441	0.0772182	-0.023432	-0.0103912	0.150364	0.000430292	-0.0404262	-0.049504	-0.0445375	-0.0669267	0.0236836	0.0193246	-0.0342842	-0.0744608	-0.039677
0.168988	0.418159	0.698609	0.123493	-0.0804397	0.0685321	-0.00121076	0.115271	0.0770747	-0.0560806	0.0567956	0.101194	0.0575735	0.133678	0.0706462	0.123995	0.0934444	0.168194	0.0939979	-0.005109	0.0999289	0.149862	0.160153	0.149144	0.113588	-0.00171031	0.135877	-0.0849307	-0.090088	-0.0329157	-0.0883652	-0.0670101	-0.105776	-0.062229	0.148912	-0.0637379	-0.0590295	-0.126746	-0.12465	-0.119241	-0.132733	-0.123186	-0.12984	-0.134781	-0.129294	-0.124401	-0.131108	-0.130801	-0.129678	-0.100443	-0.0923069	-0.1354	-0.124052	-0.0855423	-0.125704	-0.0981284	-0.102739	-0.00775522	0.0532953	0.0648952	0.0241033	0.0657558	0.0643175	-0.0485929	-0.0868534	-0.0982025	-0.0706892	-0.100371	-0.00361255	0.0456276	-0.0579017	-0.1081	-0.0865802
0.0992486	0.137955	0.123493	0.690064	-0.0835801	0.401742	0.180555	-0.0116086	0.10159	-0.0155008	0.0517766	0.0434507	0.188824	0.175766	0.0326627	-0.0136104	0.13495	0.111968	0.160685	0.234715	-0.00140685	0.204244	0.19445	0.173736	0.219447	0.0965203	0.0850364	-0.0981759	-0.101441	-0.0960781	-0.113838	-0.107462	-0.0933297	-0.0942888	0.127566	-0.0738823	-0.0821867	-0.143273	-0.149274	-0.131806	-0.138126	-0.136102	-0.155371	-0.134897	-0.133014	-0.142019	-0.140166	-0.132268	-0.140184	-0.132059	-0.137599	-0.148347	-0.132059	-0.120947	-0.117014	-0.136287	-0.129248	-0.00569032	-0.0306809	-0.0101411	0.0886392	0.10955	0.208683	0.171117	-0.082896	-0.111242	-0.0912032	-0.117593	-0.0968142	0.00587695	-0.0998962	-0.125163	-0.0948834
-0.0995182	-0.0562577	-0.0804397	-0.0835801	1.14159	-0.0632298	-0.0629976	-0.0563631	-0.0745069	-0.0251042	-0.0793533	-0.0826521	-0.0786394	-0.112795	-0.0605503	-0.0638365	-0.111989	-0.0945767	-0.0489397	-0.0533692	-0.015272	-0.103009	-0.0947885	-0.0840172	-0.0588313	-0.0367252	-0.0629194	0.111238	0.060854	0.0446774	0.273449	0.0809541	0.0378842	0.153241	-0.0683128	0.0607824	0.0685772	0.00473998	-0.021935	-0.0265471	-0.0104044	-0.0109264	-0.0158449	-0.0239987	-0.0137024	-0.0230498	-0.00565341	-0.00848975	-0.025236	0.00260062	0.0119826	-0.0264042	-0.0148775	-0.00796023	-0.0277722	0.00164414	0.00745986	0.00550114	-0.0228654	-0.0237714	-0.0388265	-0.052173	-0.0909726	-0.0519156	0.0123357	0.044106	0.0732421	0.0583987	0.0354487	0.0135249	0.0452546	0.0650668	0.0395884
0.217372	0.218638	0.0685321	0.401742	-0.0632298	0.735385	0.291275	-0.00330022	0.30995	0.0509929	0.0875367	-0.0529481	0.0319415	0.0644489	-0.0413956	-0.0460843	0.0929925	0.0722573	0.132267	0.0599578	0.024586	0.157036	0.126892	0.132875	0.224787	0.024788	-0.0104079	-0.0754964	-0.0875936	-0.0890152	-0.0877024	-0.0709466	-0.0659059	-0.0896045	-0.0601907	-0.0627071	-0.069874	-0.128526	-0.125552	-0.120869	-0.127906	-0.125819	-0.138529	-0.123194	-0.130495	-0.137647	-0.131731	-0.119034	-0.139503	-0.10672	-0.112456	-0.148641	-0.124674	-0.111787	-0.121462	-0.121865	-0.10684	0.0137197	0.00524034	0.00902698	0.0592615	-0.0107378	0.353522	0.0748821	-0.0504931	-0.0704531	-0.0923508	-0.0820474	-0.0568957	0.0139708	-0.0829637	-0.0986017	-0.0562979
0.456637	0.212512	-0.00121076	0.180555	-0.0629976	0.291275	0.745992	0.0385032	0.416125	0.0834011	0.1019	0.00966597	-0.064749	0.0854809	-0.0447607	0.0452241	0.0745703	0.143054	0.100593	0.00609554	-0.065082	0.00924515	0.208987	0.13648	0.132778	0.185184	-0.043477	-0.0867055	-0.0913239	-0.121302	-0.0776404	-0.0823533	-0.0964468	-0.0924662	0.226108	-0.0788359	-0.0898461	-0.141569	-0.142693	-0.127814	-0.139061	-0.140014	-0.15875	-0.128846	-0.135487	-0.145707	-0.129994	-0.140124	-0.122752	-0.116083	-0.118949	-0.146702	-0.123183	-0.119019	-0.132676	-0.129771	-0.127711	-0.00624946	0.0220419	0.00824652	0.0478887	0.0626518	0.270163	0.0648515	-0.0725341	-0.080654	-0.0959286	-0.0855118	-0.0138515	0.00383589	-0.0911124	-0.0967614	-0.0889383
0.146419	0.0318854	0.115271	-0.0116086	-0.0563631	-0.00330022	0.0385032	0.789176	0.135576	-0.0105942	0.0283315	0.199414	0.0605753	0.0921374	0.187268	0.417507	0.0619586	0.15191	-0.0630315	-0.0220101	0.0420913	0.0787619	0.166052	0.16413	-0.0751179	0.143735	0.256573	-0.104977	-0.0944832	0.137573	-0.0684683	-0.056344	-0.0747004	0.00387035	0.352827	-0.0320069	-0.0746657	-0.13058	-0.127164	-0.11658	-0.131165	-0.123552	-0.132602	-0.132981	-0.126155	-0.130767	-0.12814	-0.128589	-0.124993	-0.10787	-0.0972854	-0.14086	-0.115352	-0.0834939	-0.108109	-0.105665	-0.101407	-0.0795767	0.00436858	-0.00631853	-0.105011	0.236956	-0.0412832	0.0618322	-0.102778	-0.106339	-0.0857722	-0.0893112	-0.0334961	-0.0781101	-0.0855286	-0.0892613	-0.0852587
0.345851	0.152512	0.0770747	0.10159	-0.0745069	0.30995	0.416125	0.135576	0.73915	0.149225	0.159194	0.0352119	-0.0487114	0.193626	0.158251	0.176934	0.0981982	0.0244605	0.0388303	-0.0259234	0.00552571	0.0497379	0.0870956	0.226982	0.0984046	0.0115172	0.136925	-0.0947479	-0.0834826	-0.123378	-0.0707409	-0.084159	-0.101344	-0.115002	0.10406	-0.0827655	-0.0912595	-0.152308	-0.144936	-0.131309	-0.14708	-0.147897	-0.15285	-0.136926	-0.141264	-0.146346	-0.159843	-0.156687	-0.145899	-0.125431	-0.12227	-0.159836	-0.136714	-0.117664	-0.147057	-0.139942	-0.129534	-0.019182	0.0192298	0.0287716	-0.00345284	0.115048	0.295906	0.0831703	-0.087887	-0.0909287	-0.0970345	-0.097346	-0.0565726	-0.0104581	-0.104998	-0.108209	-0.0898377
0.0155221	0.028362	-0.0560806	-0.0155008	-0.0251042	0.0509929	0.0834011	-0.0105942	0.149225	0.878526	0.403207	0.0482716	0.0317947	0.160516	0.190503	0.137773	0.116848	-0.0690613	0.0135719	-0.0104211	0.0543717	0.153237	-0.0131937	0.0659352	0.127269	0.01026	0.0297252	-0.0311886	-0.0279594	-0.0648728	-0.0405322	-0.0360469	-0.052524	-0.0465987	0.00122488	-0.0574966	-0.0582011	-0.100288	-0.116515	-0.11677	-0.0987237	-0.091208	-0.121686	-0.106109	-0.110116	-0.120521	-0.0891317	-0.0763026	-0.112206	-0.0921655	-0.0864291	-0.097911	-0.0879414	-0.0608921	-0.0860219	-0.0774063	-0.0910618	-0.0455083	-0.0170902	0.0063587	-0.0566183	0.0864704	0.0847628	-0.00626071	-0.0390546	-0.0396511	-0.0333394	-0.0368829	-0.0382456	0.0354798	-0.0411721	-0.0308079	-0.0422213
0.14735	-0.0257633	0.0567956	0.0517766	-0.0793533	0.0875367	0.1019	0.0283315	0.159194	0.403207	0.82644	0.0956207	0.140155	0.335328	0.3202	0.0964858	0.284541	0.023674	0.153014	0.00843188	-0.0320938	0.337401	0.110592	0.162889	0.171786	0.0112868	0.0953761	-0.0773235	-0.0976154	-0.119603	-0.0908644	-0.0972344	-0.107492	-0.102474	-0.00547031	-0.0949093	-0.106374	-0.148933	-0.154713	-0.141241	-0.150471	-0.129735	-0.161222	-0.15073	-0.151263	-0.154512	-0.131368	-0.117745	-0.14842	-0.139351	-0.136522	-0.141716	-0.122298	-0.096951	-0.127686	-0.116533	-0.128976	-0.0135191	0.00334354	-0.00177015	-0.00894744	0.107848	0.17841	0.0333176	-0.0968323	-0.0921305	-0.0828293	-0.0943049	-0.0843485	-0.0348249	-0.085987	-0.0792806	-0.100468
0.167403	0.0419699	0.101194	0.0434507	-0.0826521	-0.0529481	0.00966597	0.199414	0.0352119	0.0482716	0.0956207	0.783334	0.13185	0.159827	0.273559	0.271991	0.0181207	0.168781	0.0195861	0.113053	0.155341	0.0996695	0.0553834	0.260165	-0.047519	0.105133	0.220261	-0.0800222	-0.0754727	-0.0856798	-0.0734247	-0.0811695	-0.0851276	-0.0872434	0.190052	-0.0769392	-0.081125	-0.149392	-0.138283	-0.131828	-0.132929	-0.139717	-0.147774	-0.149744	-0.133185	-0.125373	-0.117719	-0.114814	-0.122727	-0.0970486	-0.0911302	-0.114194	-0.1217	-0.0913095	-0.10773	-0.106959	-0.0909855	-0.0528621	0.0169824	0.00943059	-0.0491066	0.0686642	-0.0035699	0.117509	-0.0977978	-0.05758	-0.0629329	-0.0936709	-0.0368133	0.0265471	-0.0919285	-0.0777389	-0.0751197
0.0196684	0.0052674	0.0575735	0.188824	-0.0786394	0.0319415	-0.064749	0.0605753	-0.0487114	0.0317947	0.140155	0.13185	0.881328	0.354061	0.220899	-0.00422763	0.367894	0.00127157	0.206035	0.211987	0.0188524	0.390529	0.195809	0.138277	0.142867	0.0450813	0.260836	-0.0948939	-0.1023	-0.100176	-0.0807352	-0.0845389	-0.0664116	-0.0986977	0.129537	-0.105009	-0.101894	-0.131073	-0.144788	-0.132394	-0.119481	-0.126023	-0.140354	-0.13032	-0.120944	-0.128117	-0.142506	-0.138268	-0.134819	-0.121296	-0.114624	-0.139106	-0.133267	-0.111536	-0.121353	-0.12549	-0.128902	-0.0383382	-0.00356726	0.00253863	-0.0240243	0.118139	0.0626135	0.053626	-0.110116	-0.086953	-0.0902017	-0.0995773	-0.0877892	-0.0496616	-0.088382	-0.107241	-0.0974135
0.198148	-0.0356718	0.133678	0.175766	-0.112795	0.0644489	0.0854809	0.0921374	0.193626	0.160516	0.335328	0.159827	0.354061	0.784948	0.351104	0.0192547	0.359035	0.0541464	0.0892199	0.170062	-0.0257217	0.271098	0.123524	0.317802	0.198017	0.0285557	0.238693	-0.114184	-0.124	-0.142138	-0.103667	-0.113848	-0.135951	-0.126948	0.176607	-0.125483	-0.131831	-0.164464	-0.175166	-0.157272	-0.153823	-0.159211	-0.175399	-0.159703	-0.151908	-0.161562	-0.169422	-0.16584	-0.161885	-0.137544	-0.135594	-0.165464	-0.155365	-0.130065	-0.148325	-0.153235	-0.149725	-0.0587537	-0.0365731	-0.0416538	-0.0228678	0.210038	0.184987	0.0500566	-0.136347	-0.120725	-0.108943	-0.127438	-0.110193	-0.0649429	-0.12181	-0.133114	-0.108657
0.0728891	-0.0572009	0.0706462	0.0326627	-0.0605503	-0.0413956	-0.0447607	0.187268	0.158251	0.190503	0.3202	0.273559	0.220899	0.351104	0.748693	0.239104	0.154517	-0.0320865	0.0557058	0.084236	0.0642227	0.220633	-0.00470274	0.243929	0.055132	0.0266912	0.338608	-0.0871611	-0.0853991	-0.116926	-0.0648085	-0.102338	-0.108575	-0.0976445	0.138271	-0.0954663	-0.0875794	-0.133735	-0.142986	-0.121725	-0.142589	-0.119586	-0.142012	-0.143365	-0.138312	-0.13275	-0.134874	-0.129051	-0.131103	-0.112502	-0.10396	-0.139617	-0.109627	-0.0894505	-0.134623	-0.115009	-0.111366	-0.0942755	-0.0461435	-0.030348	-0.0968843	0.15725	0.0131821	0.208552	-0.1065	-0.0966816	-0.0678552	-0.0879307	-0.102321	-0.0272545	-0.101395	-0.0902584	-0.0937225
0.190936	0.0395333	0.123995	-0.0136104	-0.0638365	-0.0460843	0.0452241	0.417507	0.176934	0.137773	0.0964858	0.271991	-0.00422763	0.0192547	0.239104	0.649511	0.099768	0.184956	-0.0285784	-0.0501045	0.0821698	0.00712694	0.133984	0.123108	-0.0371852	0.103374	0.175782	-0.0706662	-0.0858946	0.0389373	-0.0639699	-0.054605	-0.0680992	-0.0540575	0.278196	-0.0360797	-0.0610731	-0.129082	-0.135194	-0.124849	-0.132685	-0.122333	-0.141636	-0.128376	-0.127607	-0.125076	-0.109869	-0.106037	-0.121596	-0.106787	-0.100307	-0.121302	-0.102609	-0.0582239	-0.101407	-0.0761634	-0.0938808	-0.0665932	-0.00417868	-0.000315781	-0.0757088	0.146485	-0.0394035	0.0365414	-0.0933687	-0.0810522	-0.0724504	-0.0641462	-0.0495863	-0.0605148	-0.0888679	-0.0562048	-0.0848946
0.108232	0.0174257	0.0934444	0.13495	-0.111989	0.0929925	0.0745703	0.0619586	0.0981982	0.116848	0.284541	0.0181207	0.367894	0.359035	0.154517	0.099768	0.821217	0.2244	0.225811	-0.0184558	-0.0358891	0.247515	0.365078	0.0533009	0.231303	0.0763075	-0.0204284	-0.08673	-0.124743	-0.0210488	-0.0989175	-0.0839048	-0.107629	-0.0932039	0.0487943	-0.0824391	-0.105385	-0.147991	-0.141867	-0.13104	-0.136068	-0.128768	-0.153167	-0.131235	-0.136528	-0.143824	-0.134721	-0.135964	-0.14128	-0.120138	-0.120258	-0.141347	-0.132136	-0.0943746	-0.115781	-0.106837	-0.121659	-0.0408014	-0.0443766	-0.0679806	0.00301291	0.136876	0.159958	0.020589	-0.130535	-0.101985	-0.102486	-0.118047	-0.090527	-0.08548	-0.110236	-0.106578	-0.124016
0.173255	0.0746022	0.168194	0.111968	-0.0945767	0.0722573	0.143054	0.15191	0.0244605	-0.0690613	0.023674	0.168781	0.00127157	0.0541464	-0.0320865	0.184956	0.2244	0.716788	0.108292	-0.0355367	0.0431032	0.123741	0.327147	0.141936	0.0863947	0.17041	0.115762	-0.0704593	-0.0805356	0.021728	-0.0619209	-0.0456759	-0.0809126	-0.0419347	0.116919	-0.0210179	-0.0475128	-0.135221	-0.127307	-0.128406	-0.130807	-0.130592	-0.14068	-0.133555	-0.132168	-0.130359	-0.114492	-0.109191	-0.131663	-0.109842	-0.0966184	-0.125123	-0.121223	-0.0606015	-0.100181	-0.0835783	-0.0908997	-0.0159053	-0.0110162	-0.0242503	0.0447189	-0.0235985	0.0512145	0.0114816	-0.0713381	-0.0862181	-0.0895564	-0.0921556	-0.0175884	0.0311535	-0.0829565	-0.0902628	-0.0914883
0.121124	0.00627618	0.0939979	0.160685	-0.0489397	0.132267	0.100593	-0.0630315	0.0388303	0.0135719	0.153014	0.0195861	0.206035	0.0892199	0.0557058	-0.0285784	0.225811	0.108292	0.74286	0.204275	0.0958461	0.167831	0.263018	0.0961478	0.314953	0.23576	-0.00688705	-0.0651422	-0.0721952	-0.0677989	-0.0564715	-0.080403	-0.0397875	-0.0747733	0.00876512	-0.108095	-0.10347	-0.130709	-0.128899	-0.129923	-0.123556	-0.130992	-0.141992	-0.123078	-0.126398	-0.133681	-0.113527	-0.114269	-0.112372	-0.089297	-0.0925672	-0.126072	-0.115415	-0.114803	-0.111533	-0.104659	-0.102328	0.06276	-0.0490748	-0.0355936	0.0808734	-0.0561708	0.0731449	0.0625763	-0.0995867	-0.0856661	-0.0610931	-0.0946163	-0.0586289	0.037115	-0.0802343	-0.105313	-0.0846208
0.0300031	0.0228392	-0.005109	0.234715	-0.0533692	0.0599578	0.00609554	-0.0220101	-0.0259234	-0.0104211	0.00843188	0.113053	0.211987	0.170062	0.084236	-0.0501045	-0.0184558	-0.0355367	0.204275	0.8382	-0.0258423	-0.0121372	-0.0468976	0.19038	0.149674	0.341691	0.147869	-0.0803331	-0.0723905	-0.0209497	-0.0463114	-0.0536774	0.00882879	-0.0556046	0.209526	-0.0649006	-0.0829885	-0.122458	-0.113747	-0.119332	-0.100184	-0.108611	-0.131644	-0.122429	-0.110365	-0.112084	-0.102114	-0.0994853	-0.096557	-0.0911832	-0.0917242	-0.102628	-0.107829	-0.113952	-0.0935221	-0.103408	-0.0958029	0.0037101	-0.00391565	0.020245	-0.0510811	0.245546	0.0950611	0.128933	-0.0624861	-0.0757108	-0.0235118	-0.0638438	-0.060796	-0.0438911	-0.0880473	-0.0857201	-0.061836
0.0262338	0.0415254	0.0999289	-0.00140685	-0.015272	0.024586	-0.065082	0.0420913	0.00552571	0.0543717	-0.0320938	0.155341	0.0188524	-0.0257217	0.0642227	0.0821698	-0.0358891	0.0431032	0.0958461	-0.0258423	0.983854	0.0642354	-0.0119186	0.00203616	-0.00160801	-0.0530463	0.0616706	-0.0122447	0.00903813	-0.0312706	-0.0192319	-0.0199528	-0.0176058	-0.0132279	0.0164491	-0.0228272	-0.00446019	-0.100268	-0.0869747	-0.093256	-0.0921531	-0.09987	-0.102714	-0.0991905	-0.101226	-0.0853562	-0.0944773	-0.0870998	-0.0861649	-0.0565771	-0.0453358	-0.0927606	-0.0946344	-0.0727421	-0.0895979	-0.079776	-0.0693786	0.0129161	0.000796959	0.0336143	0.0441366	0.00396137	-0.0317652	0.0860529	-0.00892935	-0.0207596	0.000543994	-0.0134581	0.0470097	0.159297	-0.0168845	-0.0282994	-0.0328224
0.0838766	-0.00995433	0.149862	0.204244	-0.103009	0.157036	0.00924515	0.0787619	0.0497379	0.153237	0.337401	0.0996695	0.390529	0.271098	0.220633	0.00712694	0.247515	0.123741	0.167831	-0.0121372	0.0642354	0.861823	0.185435	0.13849	0.11861	-0.0870442	0.222568	-0.103519	-0.115286	-0.0866101	-0.109425	-0.0874703	-0.0872544	-0.0960625	0.0187838	-0.088449	-0.0942241	-0.140157	-0.145084	-0.135725	-0.13498	-0.128496	-0.148452	-0.143405	-0.137216	-0.142222	-0.152263	-0.140597	-0.151832	-0.147044	-0.135215	-0.151587	-0.139292	-0.122145	-0.135307	-0.13826	-0.14175	-0.00546475	0.0137409	0.0214775	0.0305457	0.0951165	0.152012	0.036341	-0.11572	-0.110168	-0.11843	-0.109825	-0.0836099	0.0131185	-0.0889362	-0.119991	-0.112816
0.207226	0.0660433	0.160153	0.19445	-0.0947885	0.126892	0.208987	0.166052	0.0870956	-0.0131937	0.110592	0.0553834	0.195809	0.123524	-0.00470274	0.133984	0.365078	0.327147	0.263018	-0.0468976	-0.0119186	0.185435	0.742645	0.195239	0.242265	0.250295	-0.0105233	-0.11392	-0.127002	-0.021598	-0.087611	-0.0934233	-0.114136	-0.0657564	0.174424	-0.0559258	-0.0912338	-0.15349	-0.154399	-0.13593	-0.153184	-0.139584	-0.154325	-0.148503	-0.147253	-0.1484	-0.146236	-0.143813	-0.145802	-0.133591	-0.131216	-0.154161	-0.136457	-0.122282	-0.126528	-0.13775	-0.136813	-0.0355548	-0.052292	-0.0506403	0.0668532	0.0292023	0.115196	0.0145923	-0.125082	-0.115453	-0.105139	-0.107022	-0.0610727	-0.0289691	-0.114462	-0.121522	-0.117387
0.20925	-0.0233579	0.149144	0.173736	-0.0840172	0.132875	0.13648	0.16413	0.226982	0.0659352	0.162889	0.260165	0.138277	0.317802	0.243929	0.123108	0.0533009	0.141936	0.0961478	0.19038	0.00203616	0.13849	0.195239	0.654414	0.0908949	0.1575	0.272247	-0.117083	-0.111826	-0.125803	-0.0986527	-0.100606	-0.113845	-0.101645	0.22027	-0.10369	-0.110731	-0.158625	-0.160174	-0.155701	-0.152023	-0.156465	-0.161264	-0.150032	-0.154196	-0.155123	-0.152522	-0.157192	-0.149432	-0.143615	-0.135243	-0.158369	-0.147215	-0.138593	-0.148678	-0.15212	-0.137428	-0.0393915	-0.0281577	0.00958879	-0.0093794	0.107121	0.121686	0.0547956	-0.112706	-0.116345	-0.102877	-0.0968069	-0.0851372	-0.0139092	-0.11221	-0.108312	-0.10274
0.142032	0.0527783	0.113588	0.219447	-0.0588313	0.224787	0.132778	-0.0751179	0.0984046	0.127269	0.171786	-0.047519	0.142867	0.198017	0.055132	-0.0371852	0.231303	0.0863947	0.314953	0.149674	-0.00160801	0.11861	0.242265	0.0908949	0.765959	0.240337	-0.0406305	-0.087056	-0.0922255	-0.0641212	-0.0760028	-0.0739507	-0.0607646	-0.087987	-0.00364057	-0.0834614	-0.0758467	-0.133255	-0.137766	-0.12555	-0.133568	-0.128161	-0.141222	-0.129179	-0.130261	-0.139044	-0.12315	-0.130193	-0.122537	-0.0956343	-0.108702	-0.14501	-0.124171	-0.114758	-0.120742	-0.106699	-0.109471	0.0311915	-0.0407059	-0.0352417	0.0798293	-0.019427	0.221744	0.0384001	-0.104775	-0.110875	-0.0835068	-0.0949009	-0.0535571	-0.0258877	-0.0866384	-0.107944	-0.08959
0.170076	0.0736728	-0.00171031	0.0965203	-0.0367252	0.024788	0.185184	0.143735	0.0115172	0.01026	0.0112868	0.105133	0.0450813	0.0285557	0.0266912	0.103374	0.0763075	0.17041	0.23576	0.341691	-0.0530463	-0.0870442	0.250295	0.1575	0.240337	0.669696	0.0281431	-0.0877186	-0.0912784	0.0474921	-0.0465179	-0.0649624	-0.0314112	-0.0242144	0.230223	-0.059875	-0.087145	-0.123614	-0.117058	-0.110366	-0.110767	-0.11674	-0.127831	-0.116872	-0.114806	-0.116252	-0.112094	-0.111354	-0.0992174	-0.0917281	-0.0962121	-0.108555	-0.111031	-0.111824	-0.0921299	-0.0993427	-0.105763	-0.00908279	-0.0732333	-0.0626327	-0.0156366	0.0985823	0.0253831	0.0814196	-0.0946735	-0.0863335	-0.0524669	-0.0693509	-0.0512824	-0.0669657	-0.0961304	-0.0839325	-0.0827678
0.121593	0.000457823	0.135877	0.0850364	-0.0629194	-0.0104079	-0.043477	0.256573	0.136925	0.0297252	0.0953761	0.220261	0.260836	0.238693	0.338608	0.175782	-0.0204284	0.115762	-0.00688705	0.147869	0.0616706	0.222568	-0.0105233	0.272247	-0.0406305	0.0281431	0.760209	-0.0908598	-0.0703918	-0.0845621	-0.0683136	-0.0581459	-0.0779867	-0.0633273	0.219604	-0.0737328	-0.0612738	-0.131591	-0.128374	-0.120093	-0.125076	-0.121288	-0.126048	-0.132009	-0.121797	-0.128715	-0.143246	-0.136618	-0.133245	-0.120006	-0.0987668	-0.140099	-0.127316	-0.0987817	-0.120997	-0.136035	-0.121112	-0.0496421	-0.00714648	-0.0021273	-0.0807316	0.152663	-0.0183004	0.0855689	-0.0771031	-0.0921154	-0.0723572	-0.0819674	-0.0920651	-0.0330883	-0.0672566	-0.0835546	-0.0744405
-0.117545	-0.0616758	-0.0849307	-0.0981759	0.111238	-0.0754964	-0.0867055	-0.104977	-0.0947479	-0.0311886	-0.0773235	-0.0800222	-0.0948939	-0.114184	-0.0871611	-0.0706662	-0.08673	-0.0704593	-0.0651422	-0.0803331	-0.0122447	-0.103519	-0.11392	-0.117083	-0.087056	-0.0877186	-0.0908598	1.25946	0.144936	0.02715	0.11294	0.0718164	0.0968873	0.0594779	-0.108339	0.0526142	0.039689	-0.00985839	-0.0284003	-0.0256393	-0.0275935	0.0040111	-0.0316533	-0.0308265	-0.0323287	-0.0339345	0.0121039	0.0199284	-0.0259362	0.0299782	0.0217968	-0.0102094	0.0115187	0.0438064	0.0102507	0.0566763	0.0459881	-0.00724846	-0.0432171	-0.0505562	-0.0243759	-0.0865931	-0.0864558	-0.0480895	0.0780122	0.0698708	0.0898822	0.0777816	0.00155026	-0.000954823	0.141942	0.119431	0.0969866
-0.124408	-0.0568277	-0.090088	-0.101441	0.060854	-0.0875936	-0.0913239	-0.0944832	-0.0834826	-0.0279594	-0.0976154	-0.0754727	-0.1023	-0.124	-0.0853991	-0.0858946	-0.124743	-0.0805356	-0.0721952	-0.0723905	0.00903813	-0.115286	-0.127002	-0.111826	-0.0922255	-0.0912784	-0.0703918	0.144936	1.25345	0.0151155	0.070833	0.099439	0.0632443	0.0639067	-0.105268	0.0538716	0.0607704	0.000241261	0.0119895	0.0109821	0.00821274	0.0142647	0.0089693	0.0127043	0.00996669	0.00818023	-0.0106937	0.00356644	0.00306337	0.0374639	0.0799977	-0.0103751	0.00650013	0.0641977	0.0113784	0.0106706	0.0230297	-0.0121858	-0.0506088	-0.05032	-0.0516395	-0.093599	-0.102355	-0.0459983	0.0765408	0.105841	0.0594136	0.0612733	0.00545888	-0.0139785	0.106133	0.0661574	0.132402
-0.142177	-0.00937067	-0.0329157	-0.0960781	0.0446774	-0.0890152	-0.121302	0.137573	-0.123378	-0.0648728	-0.119603	-0.0856798	-0.100176	-0.142138	-0.116926	0.0389373	-0.0210488	0.021728	-0.0677989	-0.0209497	-0.0312706	-0.0866101	-0.021598	-0.125803	-0.0641212	0.0474921	-0.0845621	0.02715	0.0151155	0.990181	0.0359532	0.122139	0.560963	0.236602	0.00661009	0.117028	0.0653414	-0.0449813	-0.0460141	-0.0410689	-0.0394774	-0.0296318	-0.0525634	-0.0476032	-0.0435353	-0.0453726	-0.0568909	-0.0451654	-0.044749	0.00370446	0.00319367	-0.0537413	-0.0313068	0.017394	-0.0290544	0.0175149	0.00575654	0.024112	-0.0400558	-0.0340013	-0.014648	0.0290726	-0.102502	-0.0502525	0.0323808	-0.00248083	0.0468298	0.00517752	0.0287087	-0.0278993	0.00742781	-0.0019161	0.0177144
-0.109929	-0.0591838	-0.0883652	-0.113838	0.273449	-0.0877024	-0.0776404	-0.0684683	-0.0707409	-0.0405322	-0.0908644	-0.0734247	-0.0807352	-0.103667	-0.0648085	-0.0639699	-0.0989175	-0.0619209	-0.0564715	-0.0463114	-0.0192319	-0.109425	-0.087611	-0.0986527	-0.0760028	-0.0465179	-0.0683136	0.11294	0.070833	0.0359532	1.1508	0.0582879	0.0246281	0.0731656	-0.0830729	0.0678522	0.0815142	0.0138648	-0.0362236	-0.0119749	-0.0155347	0.0225586	-0.0243459	-0.0180025	0.00425501	-0.0182737	-0.0249509	-0.010782	-0.0318607	0.0173123	0.0251596	-0.0386969	-0.0133521	0.0118707	-0.0261592	0.00298337	0.0166318	-0.00664383	-0.0321265	-0.0234285	-0.0468241	-0.0688565	-0.0933603	-0.0428631	0.0480747	0.0512792	0.119219	0.0818162	0.0536879	0.0146235	0.055039	0.0780423	0.0640664
-0.0763392	-0.0468049	-0.0670101	-0.107462	0.0809541	-0.0709466	-0.0823533	-0.056344	-0.084159	-0.0360469	-0.0972344	-0.0811695	-0.0845389	-0.113848	-0.102338	-0.054605	-0.0839048	-0.0456759	-0.080403	-0.0536774	-0.0199528	-0.0874703	-0.0934233	-0.100606	-0.0739507	-0.0649624	-0.0581459	0.0718164	0.099439	0.122139	0.0582879	1.05932	0.225704	0.19816	-0.0745018	0.135464	0.0754232	-0.0546577	-0.0350736	-0.0302902	-0.0530345	-0.0359484	-0.0383902	-0.0414513	-0.0521953	-0.0548325	-0.0431181	-0.0339305	-0.0377032	0.0360874	0.0709952	-0.0405564	-0.0274002	0.0444237	-0.0414024	0.0224536	0.0381761	0.0114351	-0.02812	-0.0137824	-0.0273351	-0.0628672	-0.0591843	-0.0470109	0.056249	0.0698286	0.0848138	0.0453108	0.0051578	0.025857	0.0800512	0.044462	0.10097
-0.122038	-0.0641926	-0.105776	-0.0933297	0.0378842	-0.0659059	-0.0964468	-0.0747004	-0.101344	-0.052524	-0.107492	-0.0851276	-0.0664116	-0.135951	-0.108575	-0.0680992	-0.107629	-0.0809126	-0.0397875	0.00882879	-0.0176058	-0.0872544	-0.114136	-0.113845	-0.0607646	-0.0314112	-0.0779867	0.0968873	0.0632443	0.560963	0.0246281	0.225704	1.31488	0.111587	-0.0887428	0.0760162	0.0712835	-0.0509847	-0.0276785	-0.041729	-0.0497565	-0.0401579	-0.0400156	-0.0454907	-0.0563461	-0.0512936	-0.0434431	-0.0291817	-0.0449571	0.00387703	-0.00541101	-0.0547807	-0.0407801	0.00926648	-0.0315784	0.00198051	0.0141491	0.041988	-0.0264114	-0.0247581	0.00125547	-0.0794017	-0.0689539	-0.0329094	0.127667	0.0405668	0.0527409	0.0273317	0.0305364	0.00114947	0.0323707	0.0213339	0.0548622
-0.114324	-0.0480219	-0.062229	-0.0942888	0.153241	-0.0896045	-0.0924662	0.00387035	-0.115002	-0.0465987	-0.102474	-0.0872434	-0.0986977	-0.126948	-0.0976445	-0.0540575	-0.0932039	-0.0419347	-0.0747733	-0.0556046	-0.0132279	-0.0960625	-0.0657564	-0.101645	-0.087987	-0.0242144	-0.0633273	0.0594779	0.0639067	0.236602	0.0731656	0.19816	0.111587	1.08342	-0.0410833	0.0720688	0.0742187	-0.0153311	-0.0244721	-0.0103181	-0.00905775	0.00475358	-0.0365722	-0.0257061	-0.010359	-0.0395938	-0.0406264	-0.0282144	-0.0311102	0.0187781	0.0386827	-0.0395823	-0.0199129	0.0225892	-0.0219197	-0.00145884	0.00833978	-0.00850336	-0.0200187	-0.0114962	-0.00741485	-0.0306599	-0.0912228	-0.0024837	0.0305624	0.0158223	0.0607109	-0.0104046	0.0416355	0.0600248	0.0525456	0.00376762	0.0398192
0.302874	0.0343114	0.148912	0.127566	-0.0683128	-0.0601907	0.226108	0.352827	0.10406	0.00122488	-0.00547031	0.190052	0.129537	0.176607	0.138271	0.278196	0.0487943	0.116919	0.00876512	0.209526	0.0164491	0.0187838	0.174424	0.22027	-0.00364057	0.230223	0.219604	-0.108339	-0.105268	0.00661009	-0.0830729	-0.0745018	-0.0887428	-0.0410833	0.67044	-0.0574563	-0.0882694	-0.161226	-0.150632	-0.140109	-0.150056	-0.150768	-0.167333	-0.155492	-0.150305	-0.149489	-0.141507	-0.137555	-0.13651	-0.126658	-0.122232	-0.149282	-0.131718	-0.121132	-0.117675	-0.13462	-0.137615	-0.0814078	0.0271991	0.0350763	-0.0727283	0.334442	-0.0363827	0.0469803	-0.102383	-0.1017	-0.0785736	-0.0969046	-0.052345	-0.0651362	-0.10693	-0.107309	-0.105408
-0.10545	-0.0449489	-0.0637379	-0.0738823	0.0607824	-0.0627071	-0.0788359	-0.0320069	-0.0827655	-0.0574966	-0.0949093	-0.0769392	-0.105009	-0.125483	-0.0954663	-0.0360797	-0.0824391	-0.0210179	-0.108095	-0.0649006	-0.0228272	-0.088449	-0.0559258	-0.10369	-0.0834614	-0.059875	-0.0737328	0.0526142	0.0538716	0.117028	0.0678522	0.135464	0.0760162	0.0720688	-0.0574563	0.98183	0.599741	-0.0352716	-0.0296418	-0.0104551	-0.0587467	-0.0162431	-0.0339607	-0.0455056	-0.0518351	-0.0480262	-0.0385616	-0.023108	-0.0407788	-0.0125592	0.0167062	-0.0501159	-0.0260733	0.00814694	-0.0320072	-0.0108346	0.000805691	-0.0112063	0.0246235	0.0372603	-0.0204458	-0.0378054	-0.0717391	-0.0443872	0.0383689	0.0297243	0.0679806	0.0332018	0.0946331	-0.00601789	0.0483586	0.0381624	0.0577522
-0.104335	-0.0423661	-0.0590295	-0.0821867	0.0685772	-0.069874	-0.0898461	-0.0746657	-0.0912595	-0.0582011	-0.106374	-0.081125	-0.101894	-0.131831	-0.0875794	-0.0610731	-0.105385	-0.0475128	-0.10347	-0.0829885	-0.00446019	-0.0942241	-0.0912338	-0.110731	-0.0758467	-0.087145	-0.0612738	0.039689	0.0607704	0.0653414	0.0815142	0.0754232	0.0712835	0.0742187	-0.0882694	0.599741	1.03906	-0.0196584	-0.0185832	-0.00272844	-0.0270965	-0.00368798	-0.0208491	-0.0126263	-0.0225619	-0.0384777	-0.0440307	-0.0213624	-0.0288307	0.000630753	0.0213786	-0.0361785	-0.0291247	0.014113	-0.0212085	-0.0116831	-0.000764339	-0.0027129	0.0231464	0.0388582	-0.036194	-0.0614389	-0.0778997	-0.0341	0.0545177	0.0915897	0.0648426	0.0358383	0.102231	0.00245904	0.0493968	0.0403412	0.0521013
-0.1766	-0.0871161	-0.126746	-0.143273	0.00473998	-0.128526	-0.141569	-0.13058	-0.152308	-0.100288	-0.148933	-0.149392	-0.131073	-0.164464	-0.133735	-0.129082	-0.147991	-0.135221	-0.130709	-0.122458	-0.100268	-0.140157	-0.15349	-0.158625	-0.133255	-0.123614	-0.131591	-0.00985839	0.000241261	-0.0449813	0.0138648	-0.0546577	-0.0509847	-0.0153311	-0.161226	-0.0352716	-0.0196584	0.77524	0.234973	0.102589	0.516634	0.504442	0.372181	0.284669	0.522109	0.338869	0.280867	0.253374	0.0714347	-0.010406	-0.0195885	0.195976	0.0915902	0.0396854	0.170503	0.101314	-0.00356447	-0.0894415	-0.108839	-0.106749	-0.11202	-0.120122	-0.14737	-0.10074	-0.0379114	0.00606485	-0.00990918	0.0121024	-0.0297838	-0.0813151	-0.00607475	-0.00784209	-0.00891486
-0.160926	-0.104271	-0.12465	-0.149274	-0.021935	-0.125552	-0.142693	-0.127164	-0.144936	-0.116515	-0.154713	-0.138283	-0.144788	-0.175166	-0.142986	-0.135194	-0.141867	-0.127307	-0.128899	-0.113747	-0.0869747	-0.145084	-0.154399	-0.160174	-0.137766	-0.117058	-0.128374	-0.0284003	0.0119895	-0.0460141	-0.0362236	-0.0350736	-0.0276785	-0.0244721	-0.150632	-0.0296418	-0.0185832	0.234973	0.85736	0.552684	0.371975	0.247372	0.609006	0.338764	0.236995	0.426157	0.201742	0.20241	0.155807	0.0250011	0.0337253	0.241608	0.0432382	-0.000694786	0.215897	-0.00921558	0.000276237	-0.114345	-0.100241	-0.105167	-0.128279	-0.118807	-0.135627	-0.100549	-0.0452048	-0.0242033	-0.0301874	-0.00228834	-0.0450097	-0.0866088	0.00497583	-0.0181024	-0.0241865
-0.148129	-0.0962148	-0.119241	-0.131806	-0.0265471	-0.120869	-0.127814	-0.11658	-0.131309	-0.11677	-0.141241	-0.131828	-0.132394	-0.157272	-0.121725	-0.124849	-0.13104	-0.128406	-0.129923	-0.119332	-0.093256	-0.135725	-0.13593	-0.155701	-0.12555	-0.110366	-0.120093	-0.0256393	0.0109821	-0.0410689	-0.0119749	-0.0302902	-0.041729	-0.0103181	-0.140109	-0.0104551	-0.00272844	0.102589	0.552684	0.802676	0.207571	0.347046	0.469574	0.432852	0.247733	0.431177	0.0546658	0.0940237	0.239638	0.0204372	0.0231194	0.137163	0.238111	0.0480091	0.177764	-0.00319495	0.0147549	-0.113913	-0.106775	-0.102751	-0.124115	-0.116819	-0.120491	-0.0846836	-0.0460701	-0.0100953	-0.0333573	-0.0063642	-0.0534629	-0.0872794	0.0212895	-0.0103888	-0.0244734
-0.173277	-0.0945949	-0.132733	-0.138126	-0.0104044	-0.127906	-0.139061	-0.131165	-0.14708	-0.0987237	-0.150471	-0.132929	-0.119481	-0.153823	-0.142589	-0.132685	-0.136068	-0.130807	-0.123556	-0.100184	-0.0921531	-0.13498	-0.153184	-0.152023	-0.133568	-0.110767	-0.125076	-0.0275935	0.00821274	-0.0394774	-0.0155347	-0.0530345	-0.0497565	-0.00905775	-0.150056	-0.0587467	-0.0270965	0.516634	0.371975	0.207571	0.737506	0.30389	0.346246	0.415961	0.555571	0.39121	0.149545	0.119946	0.164168	0.0444048	0.0333459	0.271257	0.0381112	-0.0021492	0.191818	0.00709772	0.00254674	-0.0879583	-0.116928	-0.110161	-0.113828	-0.111878	-0.141186	-0.094369	-0.0370139	-0.00514993	-0.037503	-7.64196e-05	-0.053063	-0.0826853	-0.0151982	-0.0179753	-0.0215651
-0.16933	-0.0884499	-0.123186	-0.136102	-0.0109264	-0.125819	-0.140014	-0.123552	-0.147897	-0.091208	-0.129735	-0.139717	-0.126023	-0.159211	-0.119586	-0.122333	-0.128768	-0.130592	-0.130992	-0.108611	-0.09987	-0.128496	-0.139584	-0.156465	-0.128161	-0.11674	-0.121288	0.0040111	0.0142647	-0.0296318	0.0225586	-0.0359484	-0.0401579	0.00475358	-0.150768	-0.0162431	-0.00368798	0.504442	0.247372	0.347046	0.30389	0.813763	0.274765	0.270457	0.300444	0.229272	0.153974	0.224342	0.0648682	0.00506046	-0.000184175	0.0894051	0.264618	0.0741554	0.0433955	0.105079	0.0116737	-0.0807369	-0.0984185	-0.0931964	-0.0966184	-0.114864	-0.130077	-0.0966509	-0.0247015	0.0332961	0.00862453	0.0136659	-0.0204389	-0.0766165	0.0163898	-0.0136155	0.0037789
-0.173083	-0.106039	-0.12984	-0.155371	-0.0158449	-0.138529	-0.15875	-0.132602	-0.15285	-0.121686	-0.161222	-0.147774	-0.140354	-0.175399	-0.142012	-0.141636	-0.153167	-0.14068	-0.141992	-0.131644	-0.102714	-0.148452	-0.154325	-0.161264	-0.141222	-0.127831	-0.126048	-0.0316533	0.0089693	-0.0525634	-0.0243459	-0.0383902	-0.0400156	-0.0365722	-0.167333	-0.0339607	-0.0208491	0.372181	0.609006	0.469574	0.346246	0.274765	0.833819	0.382194	0.385465	0.524199	0.206619	0.125873	0.209317	-0.0123036	-0.012713	0.30731	0.0275245	0.011285	0.211603	0.0102202	0.0111422	-0.125558	-0.1111	-0.109615	-0.132194	-0.121732	-0.144721	-0.110496	-0.0469588	-0.0135798	-0.0379392	-0.00838771	-0.0494888	-0.0908414	-0.00224306	-0.0158493	-0.0316779
-0.162528	-0.100144	-0.134781	-0.134897	-0.0239987	-0.123194	-0.128846	-0.132981	-0.136926	-0.106109	-0.15073	-0.149744	-0.13032	-0.159703	-0.143365	-0.128376	-0.131235	-0.133555	-0.123078	-0.122429	-0.0991905	-0.143405	-0.148503	-0.150032	-0.129179	-0.116872	-0.132009	-0.0308265	0.0127043	-0.0476032	-0.0180025	-0.0414513	-0.0454907	-0.0257061	-0.155492	-0.0455056	-0.0126263	0.284669	0.338764	0.432852	0.415961	0.270457	0.382194	0.763097	0.431174	0.349625	0.0786945	0.0333881	0.299628	0.0579311	0.0306156	0.186146	0.181376	0.0149815	0.211904	0.0452641	0.0138782	-0.101792	-0.102514	-0.0974901	-0.104583	-0.114115	-0.122273	-0.0977106	-0.0238618	-0.00741308	-0.0309253	0.00207499	-0.0456291	-0.0792929	0.00240017	-0.00361686	-0.0286954
-0.169807	-0.0864246	-0.129294	-0.133014	-0.0137024	-0.130495	-0.135487	-0.126155	-0.141264	-0.110116	-0.151263	-0.133185	-0.120944	-0.151908	-0.138312	-0.127607	-0.136528	-0.132168	-0.126398	-0.110365	-0.101226	-0.137216	-0.147253	-0.154196	-0.130261	-0.114806	-0.121797	-0.0323287	0.00996669	-0.0435353	0.00425501	-0.0521953	-0.0563461	-0.010359	-0.150305	-0.0518351	-0.0225619	0.522109	0.236995	0.247733	0.555571	0.300444	0.385465	0.431174	0.755512	0.4813	0.120687	0.0796361	0.216044	-0.000840839	-0.0123435	0.229916	0.0775585	0.00402253	0.252474	0.00860123	-0.00390938	-0.091774	-0.108531	-0.108858	-0.110826	-0.116211	-0.147571	-0.0963669	-0.0486345	-0.0150921	-0.04726	-0.00538781	-0.0549099	-0.0780667	-0.0142213	-0.0176734	-0.033626
-0.16675	-0.0941744	-0.124401	-0.142019	-0.0230498	-0.137647	-0.145707	-0.130767	-0.146346	-0.120521	-0.154512	-0.125373	-0.128117	-0.161562	-0.13275	-0.125076	-0.143824	-0.130359	-0.133681	-0.112084	-0.0853562	-0.142222	-0.1484	-0.155123	-0.139044	-0.116252	-0.128715	-0.0339345	0.00818023	-0.0453726	-0.0182737	-0.0548325	-0.0512936	-0.0395938	-0.149489	-0.0480262	-0.0384777	0.338869	0.426157	0.431177	0.39121	0.229272	0.524199	0.349625	0.4813	0.833723	0.13299	0.0692602	0.303001	0.000717962	0.00318887	0.241068	0.120482	-0.00410571	0.240053	0.00430109	0.000738912	-0.115834	-0.120903	-0.118381	-0.131799	-0.117718	-0.132235	-0.102534	-0.0558086	-0.0158431	-0.0315625	-0.011294	-0.0599433	-0.102575	-0.0117471	-0.0180514	-0.0280684
-0.165256	-0.0989811	-0.131108	-0.140166	-0.00565341	-0.131731	-0.129994	-0.12814	-0.159843	-0.0891317	-0.131368	-0.117719	-0.142506	-0.169422	-0.134874	-0.109869	-0.134721	-0.114492	-0.113527	-0.102114	-0.0944773	-0.152263	-0.146236	-0.152522	-0.12315	-0.112094	-0.143246	0.0121039	-0.0106937	-0.0568909	-0.0249509	-0.0431181	-0.0434431	-0.0406264	-0.141507	-0.0385616	-0.0440307	0.280867	0.201742	0.0546658	0.149545	0.153974	0.206619	0.0786945	0.120687	0.13299	0.794253	0.463836	0.465645	0.0967113	0.0104262	0.448558	0.331407	0.0721849	0.300489	0.218253	0.118481	-0.0793072	-0.0900584	-0.091382	-0.0910112	-0.120043	-0.14362	-0.111746	-0.0217723	-0.0127482	-0.00446481	-0.0109673	-0.0489108	-0.0819004	0.0064761	-0.0043744	-0.00244337
-0.162421	-0.10647	-0.130801	-0.132268	-0.00848975	-0.119034	-0.140124	-0.128589	-0.156687	-0.0763026	-0.117745	-0.114814	-0.138268	-0.16584	-0.129051	-0.106037	-0.135964	-0.109191	-0.114269	-0.0994853	-0.0870998	-0.140597	-0.143813	-0.157192	-0.130193	-0.111354	-0.136618	0.0199284	0.00356644	-0.0451654	-0.010782	-0.0339305	-0.0291817	-0.0282144	-0.137555	-0.023108	-0.0213624	0.253374	0.20241	0.0940237	0.119946	0.224342	0.125873	0.0333881	0.0796361	0.0692602	0.463836	0.822899	0.182511	0.037119	0.0416562	0.446437	0.432039	0.0864929	0.449472	0.145595	0.0455509	-0.082203	-0.0844484	-0.0884104	-0.0914278	-0.0947303	-0.142557	-0.0980704	-0.0154607	0.010114	0.0138752	-0.00374139	-0.0289008	-0.0880619	0.00716891	0.005351	0.0155248
-0.160536	-0.101913	-0.129678	-0.140184	-0.025236	-0.139503	-0.122752	-0.124993	-0.145899	-0.112206	-0.14842	-0.122727	-0.134819	-0.161885	-0.131103	-0.121596	-0.14128	-0.131663	-0.112372	-0.096557	-0.0861649	-0.151832	-0.145802	-0.149432	-0.122537	-0.0992174	-0.133245	-0.0259362	0.00306337	-0.044749	-0.0318607	-0.0377032	-0.0449571	-0.0311102	-0.13651	-0.0407788	-0.0288307	0.0714347	0.155807	0.239638	0.164168	0.0648682	0.209317	0.299628	0.216044	0.303001	0.465645	0.182511	0.784967	0.121173	0.0333639	0.44247	0.456191	0.0355651	0.255075	0.168744	0.126715	-0.0833486	-0.0955535	-0.100718	-0.0929432	-0.12662	-0.13369	-0.100356	-0.0263324	-0.0203117	-0.0296936	-0.0187156	-0.0646719	-0.0759245	0.00288756	-0.0162293	-0.0220888
-0.127657	-0.0731498	-0.100443	-0.132059	0.00260062	-0.10672	-0.116083	-0.10787	-0.125431	-0.0921655	-0.139351	-0.0970486	-0.121296	-0.137544	-0.112502	-0.106787	-0.120138	-0.109842	-0.089297	-0.0911832	-0.0565771	-0.147044	-0.133591	-0.143615	-0.0956343	-0.0917281	-0.120006	0.0299782	0.0374639	0.00370446	0.0173123	0.0360874	0.00387703	0.0187781	-0.126658	-0.0125592	0.000630753	-0.010406	0.0250011	0.0204372	0.0444048	0.00506046	-0.0123036	0.0579311	-0.000840839	0.000717962	0.0967113	0.037119	0.121173	0.947225	0.658846	0.0358162	0.0612696	0.266064	-0.0118367	0.403735	0.564292	-0.0496092	-0.0730171	-0.0606787	-0.069479	-0.101872	-0.114266	-0.0716685	0.0280229	0.0933932	0.0262398	0.00372328	-0.0423111	-0.0457158	0.0254611	0.00472656	0.0108913
-0.12793	-0.0672466	-0.0923069	-0.137599	0.0119826	-0.112456	-0.118949	-0.0972854	-0.12227	-0.0864291	-0.136522	-0.0911302	-0.114624	-0.135594	-0.10396	-0.100307	-0.120258	-0.0966184	-0.0925672	-0.0917242	-0.0453358	-0.135215	-0.131216	-0.135243	-0.108702	-0.0962121	-0.0987668	0.0217968	0.0799977	0.00319367	0.0251596	0.0709952	-0.00541101	0.0386827	-0.122232	0.0167062	0.0213786	-0.0195885	0.0337253	0.0231194	0.0333459	-0.000184175	-0.012713	0.0306156	-0.0123435	0.00318887	0.0104262	0.0416562	0.0333639	0.658846	1.01108	0.028506	0.0457388	0.432067	-0.0189727	0.158012	0.491174	-0.0493815	-0.062374	-0.0624619	-0.0680616	-0.102207	-0.116205	-0.0639974	0.0412908	0.100367	0.0178834	0.00439199	-0.022113	-0.0380495	0.045121	0.00202039	0.030418
-0.171307	-0.113112	-0.1354	-0.148347	-0.0264042	-0.148641	-0.146702	-0.14086	-0.159836	-0.097911	-0.141716	-0.114194	-0.139106	-0.165464	-0.139617	-0.121302	-0.141347	-0.125123	-0.126072	-0.102628	-0.0927606	-0.151587	-0.154161	-0.158369	-0.14501	-0.108555	-0.140099	-0.0102094	-0.0103751	-0.0537413	-0.0386969	-0.0405564	-0.0547807	-0.0395823	-0.149282	-0.0501159	-0.0361785	0.195976	0.241608	0.137163	0.271257	0.0894051	0.30731	0.186146	0.229916	0.241068	0.448558	0.446437	0.44247	0.0358162	0.028506	0.763039	0.402059	0.0576949	0.378431	0.0591604	0.0582641	-0.0905228	-0.100412	-0.0978964	-0.0994742	-0.102522	-0.149774	-0.105702	-0.0327126	-0.0061513	-0.017965	-0.0103587	-0.0614816	-0.0942116	-0.00225725	-0.0100849	-0.018087
-0.15167	-0.0974314	-0.124052	-0.132059	-0.0148775	-0.124674	-0.123183	-0.115352	-0.136714	-0.0879414	-0.122298	-0.1217	-0.133267	-0.155365	-0.109627	-0.102609	-0.132136	-0.121223	-0.115415	-0.107829	-0.0946344	-0.139292	-0.136457	-0.147215	-0.124171	-0.111031	-0.127316	0.0115187	0.00650013	-0.0313068	-0.0133521	-0.0274002	-0.0407801	-0.0199129	-0.131718	-0.0260733	-0.0291247	0.0915902	0.0432382	0.238111	0.0381112	0.264618	0.0275245	0.181376	0.0775585	0.120482	0.331407	0.432039	0.456191	0.0612696	0.0457388	0.402059	0.842712	0.116038	0.209684	0.196363	0.0534254	-0.0751676	-0.086476	-0.0906066	-0.088156	-0.113174	-0.130122	-0.0935206	-0.0127043	0.00847483	0.0163822	0.000543661	-0.0237581	-0.0809578	0.0295985	0.00160709	0.0038188
-0.139739	-0.0638149	-0.0855423	-0.120947	-0.00796023	-0.111787	-0.119019	-0.0834939	-0.117664	-0.0608921	-0.096951	-0.0913095	-0.111536	-0.130065	-0.0894505	-0.0582239	-0.0943746	-0.0606015	-0.114803	-0.113952	-0.0727421	-0.122145	-0.122282	-0.138593	-0.114758	-0.111824	-0.0987817	0.0438064	0.0641977	0.017394	0.0118707	0.0444237	0.00926648	0.0225892	-0.121132	0.00814694	0.014113	0.0396854	-0.000694786	0.0480091	-0.0021492	0.0741554	0.011285	0.0149815	0.00402253	-0.00410571	0.0721849	0.0864929	0.0355651	0.266064	0.432067	0.0576949	0.116038	0.927042	0.0534816	0.384959	0.3362	-0.0488415	-0.0634981	-0.0769069	-0.0684693	-0.0874811	-0.112668	-0.0716171	0.0224256	0.0220389	0.00632306	0.0163496	-0.00286803	-0.0384654	0.0302815	0.0173354	0.033117
